Predicted Price (Real),Actual Price (Real),Error (Real),Predicted Price (Normalized),Actual Price (Normalized),Predicted Percent Change (Real),Actual Percent Change (Real),Predicted Percent Change (Normalized),Actual Percent Change (Normalized)
12.2841,14.3587,-7.26955,-0.0467373,-0.0490696,-0.161157,-0.019488,0.419422,0.490256
12.1828,15.4297,8.16025,-0.0277859,-0.0299214,-0.189535,0.0264704,0.405233,0.513235
12.2142,15.2255,30.9806,-0.0231596,-0.0248017,-0.192623,0.00642493,0.403688,0.503212
13.8303,16.3205,4.09992,0.00481263,0.00507743,-0.119822,0.0386532,0.440089,0.519327
13.7732,16.36,7.9182,0.0203072,0.0214531,-0.140962,0.0203755,0.429519,0.510188
12.8359,15.3035,-6.84275,0.00236753,0.00249981,-0.180554,-0.0230217,0.409723,0.488489
13.1633,16.449,8.27175,0.0209153,0.0224334,-0.179951,0.0247466,0.410024,0.512373
13.299,16.4083,17.3472,0.029391,0.0313881,-0.180543,0.0110443,0.409728,0.505522
13.7082,16.4867,21.4815,0.0357617,0.0379021,-0.161955,0.00790736,0.419023,0.503954
14.4122,16.4714,36.0723,0.0390434,0.0407453,-0.121975,0.00347782,0.439012,0.501739
13.9327,16.5256,46.5052,0.0412878,0.0435718,-0.154045,0.00338522,0.422977,0.501693
14.0056,15.3518,-2.45091,0.0139963,0.0144076,-0.119198,-0.034541,0.440401,0.482729
13.8449,15.9513,83.6644,0.0151622,0.0158611,-0.13068,0.00158085,0.43466,0.50079
13.7574,15.1732,-3.80701,-0.00340139,-0.00350877,-0.115004,-0.0239242,0.442498,0.488038
13.1171,15.8775,16.5168,0.00460717,0.00489272,-0.165071,0.0106382,0.417465,0.505319
12.9014,16.1769,13.9423,0.0156027,0.0167438,-0.190728,0.0147368,0.404636,0.507368
13.4512,17.1796,5.91446,0.0445955,0.0481674,-0.187199,0.0380914,0.406401,0.519046
13.3543,16.173,-15.0714,0.0356116,0.0377902,-0.183725,-0.0114318,0.408138,0.494284
13.0748,15.8065,-9.95579,0.0222521,0.0235959,-0.186938,-0.0170629,0.406531,0.491469
13.2878,16.7087,10.7945,0.0370565,0.039808,-0.189363,0.0193336,0.405319,0.509667
12.6539,16.1545,-29.6146,0.0310092,0.0334108,-0.222383,-0.00726395,0.388809,0.496368
13.2847,16.0986,-32.3988,0.0273137,0.0289971,-0.179215,-0.00536592,0.410392,0.497317
13.6125,15.4814,-5.36972,0.0104261,0.0108565,-0.140056,-0.0219878,0.429972,0.489006
13.3512,16.4278,10.191,0.0245285,0.0261834,-0.172067,0.0187212,0.413967,0.509361
12.9143,15.7759,-16.442,0.0159815,0.017002,-0.190318,-0.0109115,0.404841,0.494544
13.5925,16.3439,13.8816,0.0256039,0.0271392,-0.158136,0.0122761,0.420932,0.506138
13.3172,15.94,-25.5793,0.0205435,0.0217302,-0.16988,-0.00639142,0.41506,0.496804
14.1256,17.6444,4.29125,0.0582768,0.0625691,-0.16041,0.0487383,0.419795,0.524369
14.889,18.3332,4.46942,0.0941066,0.100587,-0.152232,0.0438782,0.423884,0.521939
13.7836,17.4438,-61.6889,0.0893013,0.0960006,-0.212503,-0.00338981,0.393748,0.498305
13.8905,16.9858,-12.0558,0.0774781,0.0824355,-0.194405,-0.0148903,0.402797,0.492555
14.5855,17.7811,11.7752,0.0910761,0.0969433,-0.167006,0.0154991,0.416497,0.50775
13.6638,17.5203,728.529,0.0896261,0.0967245,-0.219882,0.000302232,0.390059,0.500151
13.4776,17.9624,19.925,0.0993802,0.108485,-0.240154,0.0126898,0.379923,0.506345
14.2752,18.7189,8.93328,0.123092,0.133877,-0.216571,0.0272991,0.391714,0.51365
14.2856,18.3195,82.1883,0.125332,0.135279,-0.218104,0.00268639,0.390948,0.501343
13.7546,18.4854,43.8886,0.128823,0.140889,-0.251558,0.00586538,0.374221,0.502933
13.8429,18.1692,-41.6298,0.124362,0.135039,-0.242444,-0.0056872,0.378778,0.497156
13.857,18.7739,19.5031,0.135532,0.148624,-0.251853,0.0136114,0.374073,0.506806
15.2509,19.5273,8.39492,0.161764,0.174746,-0.198079,0.0267858,0.400961,0.513393
14.9222,19.0047,-617.373,0.16047,0.172844,-0.215089,-0.00034783,0.392456,0.499826
15.1534,16.7516,-1.46074,0.107835,0.111224,-0.150864,-0.0613083,0.424568,0.469346
15.2077,18.4784,10.2509,0.122488,0.130263,-0.162537,0.0175699,0.418731,0.508785
16.3452,20.5455,3.41512,0.178696,0.192348,-0.153782,0.0636748,0.423109,0.531837
15.1116,18.7508,-12.9856,0.161935,0.173018,-0.205953,-0.0147261,0.397024,0.492637
14.8525,18.3962,-11.2579,0.14675,0.156698,-0.206214,-0.016823,0.396893,0.491588
14.7643,16.2397,-1.23796,0.0877539,0.0903629,-0.153016,-0.0683731,0.423492,0.465813
15.2969,18.2995,6.83666,0.10882,0.115224,-0.143525,0.0245902,0.428238,0.512295
14.0061,18.2567,21.3275,0.115021,0.124776,-0.224355,0.011037,0.387822,0.505518
13.1644,16.8506,-6.21615,0.0854697,0.0920263,-0.245314,-0.0339952,0.377343,0.483002
14.1908,18.3548,9.02437,0.107973,0.116969,-0.206924,0.0257869,0.396538,0.512893
14.1386,17.8352,-127.218,0.106532,0.114429,-0.208556,-0.00162658,0.395722,0.499187
13.6685,17.5954,-29.3212,0.0994042,0.10735,-0.229045,-0.00755396,0.385478,0.496223
13.7882,15.7704,-2.08484,0.053024,0.0552494,-0.175408,-0.0568614,0.412296,0.471569
14.2088,16.3554,-11.803,0.0447539,0.0467857,-0.140804,-0.0109977,0.429598,0.494501
13.2061,17.2838,10.806,0.0609457,0.0662311,-0.218871,0.02232,0.390565,0.51116
12.8509,15.9262,-6.36957,0.0375063,0.0400319,-0.216837,-0.0294233,0.391581,0.485288
13.1166,15.3344,-4.19889,0.0118929,0.0124811,-0.173115,-0.0332984,0.413443,0.483351
13.8751,15.1174,-3.37496,-0.00634238,-0.00651807,-0.103992,-0.0237698,0.448004,0.488115
13.6966,16.8396,4.54716,0.0257912,0.0275536,-0.151827,0.0428023,0.424087,0.521401
12.9556,16.1907,152.644,0.0263688,0.0282522,-0.198763,0.00131072,0.400618,0.500655
14.3498,17.6161,4.42116,0.0610532,0.0651987,-0.149756,0.0437735,0.425122,0.521887
14.2517,18.2098,5.83036,0.0914433,0.0987828,-0.18705,0.0387239,0.406475,0.519362
13.6503,17.152,-18.5825,0.0815989,0.0875109,-0.212805,-0.0108671,0.393597,0.494566
14.1809,18.4777,7.43797,0.108253,0.117559,-0.207772,0.0322729,0.396114,0.516136
13.3179,17.1021,-9.59455,0.0881488,0.0950536,-0.238828,-0.0225425,0.380586,0.488729
13.9174,16.0892,-3.15268,0.0558473,0.0584022,-0.170503,-0.0410585,0.414749,0.479471
14.611,18.7541,4.07994,0.101741,0.110157,-0.176315,0.0572464,0.411842,0.528623
15.1093,18.3174,10.9969,0.116088,0.123367,-0.161793,0.0161843,0.419103,0.508092
14.1596,18.6206,14.8768,0.127292,0.13847,-0.227123,0.0163671,0.386438,0.508184
15.5503,19.8544,5.50204,0.165128,0.178364,-0.184659,0.0410167,0.407671,0.520508
15.4701,17.1643,-1.82423,0.12004,0.123977,-0.144973,-0.0513319,0.427513,0.474334
15.3004,17.633,-10.2059,0.108888,0.113866,-0.143392,-0.0127961,0.428304,0.493602
14.7279,17.0146,-5.46595,0.087755,0.0918014,-0.155172,-0.0239983,0.422414,0.488001
15.1578,18.7646,5.31922,0.119009,0.127371,-0.161926,0.0374896,0.419037,0.518745
14.1744,17.7651,-22.4469,0.109384,0.117236,-0.20924,-0.00892399,0.39538,0.495538
14.4196,18.2867,21.2794,0.118141,0.127165,-0.203557,0.0100376,0.398222,0.505019
13.4532,18.1978,102.202,0.117964,0.129212,-0.258832,0.00255757,0.370584,0.501279
13.5044,18.5799,23.5522,0.127597,0.14049,-0.264643,0.0117347,0.367678,0.505867
13.9186,18.2586,-82.2518,0.12627,0.137113,-0.239895,-0.00288156,0.380052,0.498559
14.8181,18.9816,12.3147,0.143603,0.155078,-0.205186,0.0181345,0.397407,0.509067
14.6522,18.6039,-199.348,0.142253,0.153084,-0.213248,-0.00106439,0.393376,0.499468
13.7573,18.5021,-78.2209,0.137092,0.149876,-0.258881,-0.00326783,0.37056,0.498366
15.2315,19.5927,8.35603,0.164089,0.177497,-0.201321,0.0273681,0.39934,0.513684
15.2665,20.1792,8.74083,0.188641,0.205645,-0.22178,0.0286507,0.38911,0.514325
16.0216,20.9352,7.33709,0.22017,0.2393,-0.209413,0.0330456,0.395294,0.516523
15.3004,20.1571,-89.7781,0.214983,0.233721,-0.242974,-0.00267657,0.378513,0.498662
14.4563,20.6716,26.8514,0.221614,0.246505,-0.292747,0.0113242,0.353627,0.505662
14.2272,20.1684,-43.8928,0.214835,0.238111,-0.299285,-0.00666665,0.350358,0.496667
15.1691,21.0703,15.2565,0.23504,0.259573,-0.266606,0.0187007,0.366697,0.50935
15.1526,21.2456,21.5363,0.247029,0.273399,-0.277163,0.0134962,0.361419,0.506748
14.7314,20.8227,-87.1644,0.242203,0.268307,-0.2949,-0.00334489,0.35255,0.498328
14.4883,20.4504,-27.1134,0.231643,0.256381,-0.299079,-0.0106383,0.350461,0.494681
15.8578,22.0719,8.72442,0.26727,0.295623,-0.257579,0.0333461,0.37121,0.516673
15.9212,23.103,8.07996,0.30415,0.340345,-0.283286,0.0400124,0.358357,0.520006
16.6344,22.201,-841.758,0.307462,0.335496,-0.250958,-0.000297782,0.374521,0.499851
15.1438,21.9254,-48.2143,0.293995,0.327631,-0.313709,-0.00637434,0.343146,0.496813
17.1334,20.876,-6.37816,0.277613,0.294913,-0.201717,-0.0273398,0.399141,0.48633
16.3926,22.8116,9.3751,0.302793,0.334841,-0.259157,0.0309437,0.370422,0.515472
16.5356,22.0555,-154.784,0.301976,0.329428,-0.251485,-0.00161432,0.374258,0.499193
16.7729,22.7845,17.209,0.31791,0.348914,-0.252386,0.0155707,0.373807,0.507785
17.1011,23.2818,14.4671,0.337538,0.370752,-0.251744,0.0186933,0.374128,0.509347
16.1654,23.0535,69.1186,0.336685,0.374046,-0.29574,0.00434154,0.35213,0.502171
17.2462,22.1461,-12.242,0.325125,0.350679,-0.235074,-0.0177522,0.382463,0.491124
18.2279,23.6009,10.0749,0.35277,0.38222,-0.209807,0.0231194,0.395096,0.51156
19.2402,26.2955,4.23291,0.425287,0.469092,-0.21879,0.0676761,0.390605,0.533838
18.4492,24.5679,-201.329,0.4191,0.457008,-0.249979,-0.00123551,0.37501,0.499382
17.2149,23.7718,-16.0051,0.394116,0.433523,-0.288098,-0.0169418,0.355951,0.491529
16.3879,24.6922,32.3526,0.39963,0.450483,-0.329341,0.0105044,0.33533,0.505252
15.8338,24.5388,168.356,0.398349,0.451855,-0.353381,0.00211156,0.323309,0.501056
17.4195,24.9951,29.6735,0.418594,0.465995,-0.29589,0.0103193,0.352055,0.50516
17.2543,25.5265,20.8665,0.433671,0.486807,-0.313403,0.0157754,0.343299,0.507888
16.9193,24.4703,-23.0439,0.417864,0.465301,-0.317717,-0.013214,0.341142,0.493393
17.6846,24.9119,126.753,0.425035,0.470615,-0.288485,0.00229405,0.355758,0.501147
16.8511,24.4097,-34.1136,0.410561,0.4575,-0.315868,-0.00899561,0.342066,0.495502
17.8753,26.1381,10.8073,0.447726,0.501636,-0.295514,0.0301321,0.352243,0.515066
17.4607,23.9417,-9.18608,0.415007,0.455299,-0.291576,-0.028625,0.354212,0.485687
18.3476,21.8649,-2.60639,0.359739,0.379273,-0.209647,-0.0581321,0.395177,0.470934
17.2048,20.6189,-2.71107,0.296069,0.31265,-0.213608,-0.0575596,0.393196,0.47122
16.4816,18.914,-1.7032,0.225376,0.234966,-0.189782,-0.0702063,0.405109,0.464897
18.0774,24.8544,2.86066,0.326818,0.361948,-0.196038,0.105359,0.401981,0.552679
17.0922,21.4783,-8.81062,0.299765,0.321304,-0.222235,-0.0226525,0.388883,0.488674
17.1625,21.4997,-18.3122,0.289705,0.310428,-0.210434,-0.0108964,0.394783,0.494552
17.2481,22.2931,18.0166,0.302135,0.327012,-0.216463,0.0127207,0.391768,0.50636
16.4975,21.3722,-15.3258,0.284528,0.307692,-0.239408,-0.0146644,0.380296,0.492668
17.6586,23.0062,8.00985,0.318299,0.345606,-0.209505,0.0298872,0.395248,0.514944
17.0371,22.2355,-100.983,0.312908,0.339309,-0.235557,-0.00230977,0.382221,0.498845
14.7941,23.1094,20.0403,0.318499,0.362505,-0.348119,0.0182833,0.32594,0.509142
17.4569,22.9599,41.3541,0.33826,0.367755,-0.235245,0.00582952,0.382377,0.502915
17.702,23.4314,18.8302,0.35243,0.384001,-0.234579,0.0131563,0.382711,0.506578
17.7274,24.5807,9.28769,0.382947,0.423068,-0.256487,0.0309479,0.371757,0.515474
17.7127,24.9319,13.1112,0.405477,0.449512,-0.273514,0.0225835,0.363243,0.511292
17.808,23.8366,-22.2637,0.394567,0.430596,-0.261305,-0.0112323,0.369348,0.494384
16.8829,23.2266,-14.5388,0.370473,0.407075,-0.286525,-0.0184393,0.356738,0.49078
16.3762,23.915,59.6648,0.372783,0.416726,-0.311595,0.00531144,0.344203,0.502656
17.1914,25.318,10.4643,0.408948,0.459093,-0.299493,0.0316445,0.350254,0.515822
17.5286,25.733,13.6093,0.435433,0.488133,-0.302487,0.0239892,0.348757,0.511995
18.425,26.2943,13.3677,0.465065,0.517469,-0.283229,0.0229008,0.358385,0.51145
17.0664,25.6818,-723.892,0.455532,0.512864,-0.335775,-0.000463207,0.332113,0.499768
17.9727,24.2154,-8.57237,0.430542,0.470149,-0.279467,-0.0291952,0.360266,0.485402
18.5782,25.5612,22.4743,0.447194,0.4924,-0.264243,0.0123051,0.367879,0.506153
17.484,25.5078,62.2089,0.445391,0.497759,-0.311078,0.00508224,0.344461,0.502541
16.6196,24.9992,-44.3183,0.431974,0.486004,-0.340188,-0.00750662,0.329906,0.496247
17.3997,23.6283,-8.11506,0.404172,0.442204,-0.286775,-0.0314617,0.356612,0.484269
17.9927,24.0216,-32.3408,0.399905,0.436211,-0.256747,-0.0077007,0.371626,0.49615
16.746,24.245,404.538,0.393166,0.438387,-0.308772,0.000765161,0.345614,0.500383
16.8368,25.3208,15.3366,0.416093,0.469281,-0.32021,0.0223351,0.339895,0.511168
18.1429,26.5721,9.18096,0.461059,0.517018,-0.292786,0.0357887,0.353607,0.517894
16.604,26.9642,15.6202,0.477008,0.548417,-0.368689,0.0252178,0.315655,0.512609
17.3,26.3407,455.199,0.482612,0.544995,-0.342726,0.000754574,0.328637,0.500377
17.5938,26.2203,-171.921,0.482594,0.541953,-0.330282,-0.00191001,0.334859,0.499045
17.341,26.605,55.2244,0.487612,0.551946,-0.34407,0.00634529,0.327965,0.503173
16.6747,25.9762,-40.5306,0.473655,0.537427,-0.363701,-0.00875743,0.31815,0.495621
18.3462,25.3554,-16.6239,0.467486,0.514363,-0.288274,-0.016357,0.355863,0.491822
17.549,25.8008,692.701,0.462642,0.517868,-0.319513,0.000461923,0.340244,0.500231
18.1386,22.002,-2.12469,0.3844,0.406977,-0.238523,-0.0763351,0.380738,0.461832
18.7425,23.1869,-14.1284,0.374286,0.399588,-0.202497,-0.0133852,0.398752,0.493307
17.6124,21.8411,-5.18882,0.331762,0.354058,-0.222622,-0.0359716,0.388689,0.482014
18.8492,24.8638,5.32487,0.384875,0.419781,-0.205826,0.0475913,0.397087,0.523796
18.2298,23.3706,-28.3762,0.373512,0.402903,-0.225969,-0.00769227,0.387015,0.496154
17.2802,22.1626,-7.13752,0.338159,0.364376,-0.243641,-0.0299405,0.378179,0.48503
17.4447,24.4864,8.44216,0.373267,0.413861,-0.262451,0.0352655,0.368774,0.517633
18.0925,21.1453,-2.50563,0.321607,0.337236,-0.190988,-0.0544804,0.404506,0.47276
17.2858,19.9456,-2.26472,0.263229,0.274991,-0.181545,-0.0556082,0.409227,0.472196
17.1976,21.4522,25.5271,0.270127,0.289356,-0.19205,0.00783011,0.403975,0.503915
17.2058,21.4101,67.4171,0.272898,0.292052,-0.19402,0.00292124,0.40299,0.501461
17.2429,19.861,-3.58684,0.239527,0.25026,-0.162598,-0.0354487,0.418701,0.482276
16.2819,16.4399,-0.080678,0.136254,0.13666,-0.115053,-0.106464,0.442473,0.446768
15.3466,17.4921,-4.7931,0.112627,0.117344,-0.144547,-0.0249515,0.427727,0.487524
14.5254,16.491,-2.77212,0.0765065,0.0795802,-0.155503,-0.0412242,0.422249,0.479388
14.6441,17.2001,NULL,0.076692,0.0806889,-0.148606,0,0.425697,0.5
14.2381,17.6073,16.4514,0.0854743,0.0913464,-0.181839,0.0117684,0.409081,0.505884
14.5029,17.5723,36.0766,0.0898787,0.0954545,-0.170659,0.00486532,0.414671,0.502433
14.9858,18.3387,7.7824,0.110362,0.117646,-0.163172,0.0240582,0.418414,0.512029
14.1458,17.4844,-15.8631,0.098792,0.10545,-0.200573,-0.0118942,0.399713,0.494053
13.7224,17.1436,-12.5107,0.085246,0.0912524,-0.212132,-0.015701,0.393934,0.49215
14.0835,16.8164,-9.18038,0.0718077,0.0758698,-0.177084,-0.0173946,0.411458,0.491303
13.9027,15.2221,-1.43669,0.0255223,0.0262514,-0.138637,-0.0568954,0.430682,0.471552
14.2963,15.94,-16.4493,0.02086,0.0215993,-0.108702,-0.00622958,0.445649,0.496885
14.2237,17.1814,5.09453,0.0477939,0.0507746,-0.143194,0.034972,0.428403,0.517486
14.2799,17.6678,6.25269,0.0726569,0.077729,-0.166187,0.0316385,0.416906,0.515819
13.8296,15.9331,-3.59132,0.0435192,0.0454725,-0.162798,-0.0354577,0.418601,0.482271
13.8792,17.7419,6.20529,0.0717505,0.0775102,-0.189268,0.0363607,0.405366,0.51818
13.5949,16.61,-11.9263,0.0594197,0.0632057,-0.193795,-0.0149923,0.403103,0.492504
13.3103,16.1223,-7.68111,0.0416121,0.0441401,-0.192747,-0.022203,0.403627,0.488899
13.2997,15.8464,-8.01482,0.0263179,0.0277869,-0.177214,-0.0196581,0.411393,0.490171
13.4639,16.6011,14.2678,0.0366977,0.0391882,-0.178091,0.0134228,0.410955,0.506711
13.1123,15.7835,-9.02179,0.022209,0.0235194,-0.184539,-0.0184138,0.40773,0.490793
13.8164,15.5339,-6.35008,0.00925426,0.00960416,-0.125788,-0.0171138,0.437106,0.491443
13.6295,15.8785,60.5698,0.0110051,0.0115513,-0.139626,0.00234391,0.430187,0.501172
13.8245,15.6857,-23.9632,0.00726221,0.00756026,-0.123002,-0.00492734,0.438499,0.497536
14.1661,16.7876,5.0397,0.0317917,0.0335763,-0.129175,0.0319764,0.435412,0.515988
14.7792,18.1583,3.47848,0.0762806,0.0815248,-0.14009,0.0565225,0.429955,0.528261
13.9011,15.9174,-3.23864,0.0445906,0.0465044,-0.159548,-0.0376414,0.420226,0.481179
14.0384,15.6809,-3.87543,0.0238754,0.0247233,-0.128301,-0.0263159,0.435849,0.486842
14.4862,16.8784,6.1117,0.042602,0.0447494,-0.121357,0.0237411,0.439321,0.511871
13.9358,16.4526,-146.495,0.0412906,0.0435075,-0.153855,-0.00104312,0.423072,0.499478
13.8162,15.5414,-3.77077,0.0186683,0.0193713,-0.136428,-0.0285967,0.431786,0.485702
13.7942,16.35,14.4774,0.0270487,0.0285469,-0.14711,0.0109153,0.426445,0.505458
13.135,15.5032,-7.14205,0.0105695,0.0111282,-0.170499,-0.0209406,0.41475,0.48953
14.1193,17.9265,3.53083,0.0593906,0.0641194,-0.16197,0.0639987,0.419015,0.531999
13.7292,16.5008,-16.037,0.050722,0.0537082,-0.176592,-0.0103652,0.411704,0.494817
14.2928,17.1828,11.2663,0.0632927,0.067092,-0.155588,0.0151552,0.422206,0.507578
13.9164,16.5762,-15.2749,0.0545383,0.0575975,-0.169188,-0.0103956,0.415406,0.494802
13.8989,16.7821,181.438,0.055266,0.0586255,-0.17102,0.000947803,0.41449,0.500474
14.5738,18.4163,4.55048,0.0939454,0.101206,-0.170618,0.0480549,0.414691,0.524027
13.8246,16.7482,-7.18595,0.0733254,0.077779,-0.19414,-0.0237162,0.40293,0.488142
13.9987,18.1209,8.42134,0.0955895,0.103588,-0.206037,0.0277628,0.396981,0.513881
14.8071,19.3267,5.21238,0.135238,0.147054,-0.197865,0.0469723,0.401067,0.523486
14.7877,18.8452,20.9341,0.143876,0.155084,-0.207155,0.010392,0.396422,0.505196
15.3956,19.7466,7.83398,0.17002,0.183775,-0.197777,0.0289402,0.401112,0.51447
14.481,17.9396,-5.62147,0.138686,0.147983,-0.219559,-0.0331586,0.390221,0.483421
13.9895,19.2923,14.2424,0.153605,0.169321,-0.260598,0.0196791,0.369701,0.50984
14.1517,19.0498,75.3005,0.156961,0.171711,-0.254577,0.00342632,0.372711,0.501713
15.369,20.6139,6.30933,0.196342,0.215088,-0.223104,0.042021,0.388448,0.521011
15.1353,19.2465,-15.4437,0.183546,0.197479,-0.224338,-0.0136428,0.387831,0.493179
15.5388,20.6181,9.06546,0.209141,0.228228,-0.225301,0.0279341,0.387349,0.513967
15.0052,20.4487,27.7211,0.215638,0.236784,-0.259086,0.00969594,0.370457,0.504848
15.9766,21.0026,13.2757,0.235788,0.256497,-0.225338,0.0183564,0.387331,0.509178
15.4059,19.8249,-11.1698,0.215799,0.232874,-0.238103,-0.0195651,0.380949,0.490217
14.9063,19.8518,-26.9479,0.205779,0.22429,-0.256001,-0.00915991,0.372,0.49542
15.4603,20.8666,12.8753,0.225924,0.247598,-0.243873,0.0205362,0.378063,0.510268
15.3925,18.5331,-3.36497,0.18235,0.192892,-0.209281,-0.0479456,0.39536,0.476027
14.67,19.6361,58.3978,0.183664,0.200626,-0.249657,0.0043496,0.375171,0.502175
14.209,19.7101,69.0205,0.185557,0.204648,-0.276173,0.00406014,0.361914,0.50203
14.889,21.0634,8.46895,0.218753,0.243065,-0.267791,0.0358539,0.366105,0.517927
14.5787,20.5439,56.7831,0.222048,0.245933,-0.286713,0.00513979,0.356643,0.50257
16.0478,22.2086,6.82032,0.265788,0.293703,-0.246768,0.0423976,0.376616,0.521199
16.6335,23.2309,6.70738,0.309158,0.342525,-0.252338,0.0442126,0.373831,0.522106
16.7042,20.191,-3.47548,0.263904,0.279475,-0.211851,-0.0473359,0.394075,0.476332
17.1051,21.912,13.2836,0.2813,0.303759,-0.206262,0.0167916,0.396869,0.508396
17.874,23.1806,6.3925,0.319916,0.347046,-0.200286,0.0371416,0.399857,0.518571
16.467,22.56,58.0261,0.317176,0.348663,-0.266667,0.00467623,0.366666,0.502338
15.9547,23.1241,21.2754,0.328539,0.366821,-0.299837,0.0147882,0.350082,0.507394
16.661,23.5366,18.1981,0.34803,0.386026,-0.280577,0.0163144,0.359711,0.508157
17.1254,22.8687,-39.7148,0.344421,0.375744,-0.255848,-0.00628391,0.372076,0.496858
16.9276,24.6419,9.31411,0.377047,0.422104,-0.289165,0.0347801,0.355417,0.51739
17.2704,24.0631,54.3369,0.384268,0.424335,-0.278538,0.00522224,0.360731,0.502611
17.0024,24.9514,15.528,0.403559,0.452251,-0.304306,0.0209462,0.347847,0.510473
17.3599,24.9528,29.4295,0.416356,0.463717,-0.297023,0.0104477,0.351489,0.505224
17.7651,23.6297,-11.1342,0.396369,0.431548,-0.264578,-0.0218043,0.367711,0.489098
17.1578,24.8144,23.1179,0.406325,0.453374,-0.299202,0.0135276,0.350399,0.506764
16.1951,24.0591,-37.2441,0.391645,0.439222,-0.332718,-0.00869986,0.333641,0.49565
17.0872,25.5324,13.2137,0.422851,0.476251,-0.313581,0.0256745,0.343209,0.512837
17.1855,25.3718,34.0507,0.433283,0.485871,-0.316175,0.00956636,0.341913,0.504783
17.17,24.1619,-14.5674,0.412981,0.456433,-0.303219,-0.0194778,0.348391,0.490261
17.4035,25.5686,17.4606,0.43343,0.485778,-0.30666,0.0186299,0.34667,0.509315
16.7501,24.5458,-28.2406,0.41778,0.466834,-0.325188,-0.0111211,0.337406,0.494439
17.1235,23.7696,-12.7699,0.398086,0.438353,-0.295038,-0.0214263,0.352481,0.489287
17.5336,24.9024,23.917,0.413261,0.458901,-0.287086,0.0125272,0.356457,0.506264
17.3739,22.5966,-5.3417,0.369569,0.399483,-0.263015,-0.0414739,0.368493,0.479263
17.5532,23.2735,-38.1719,0.364206,0.396556,-0.250611,-0.00639774,0.374694,0.496801
16.9321,24.5263,13.6157,0.383542,0.428443,-0.293571,0.0232703,0.353215,0.511635
16.882,25.3805,11.8678,0.41212,0.465018,-0.315532,0.0290335,0.342234,0.514517
16.6763,24.8181,105.776,0.413997,0.464946,-0.325967,0.00311108,0.337017,0.501556
16.2951,24.6565,-197.846,0.409878,0.462048,-0.340249,-0.00171112,0.329876,0.499144
16.3205,25.2468,32.3957,0.421192,0.477931,-0.346429,0.0110343,0.326785,0.505517
16.3272,24.275,-22.9926,0.406873,0.456192,-0.336849,-0.0140397,0.331575,0.49298
16.564,24.428,-81.7469,0.404367,0.452833,-0.324586,-0.00392263,0.337707,0.498039
16.5057,24.4766,-335.055,0.403027,0.452068,-0.32631,-0.000971001,0.336845,0.499514
16.9264,25.6351,15.1775,0.428741,0.484429,-0.324599,0.0228954,0.3377,0.511448
17.3614,24.0685,-13.6496,0.410765,0.452206,-0.293101,-0.0200074,0.353449,0.489996
18.9519,23.5051,-8.72949,0.397966,0.425009,-0.211214,-0.0217086,0.394393,0.489146
18.0945,25.1049,12.8632,0.415295,0.45861,-0.263248,0.0221904,0.368376,0.511095
17.0042,23.2985,-10.1134,0.381979,0.419056,-0.289151,-0.0260181,0.355425,0.486991
17.4011,21.9649,-4.76812,0.34203,0.36671,-0.240857,-0.0417565,0.379572,0.479122
17.6002,22.6872,-43.4265,0.338063,0.36527,-0.228208,-0.00513676,0.385896,0.497432
17.2362,24.0024,11.1522,0.361243,0.399417,-0.263273,0.0259326,0.368363,0.512966
16.97,24.6259,12.2885,0.385202,0.430589,-0.293001,0.0259556,0.3535,0.512978
16.3527,23.2991,-19.8852,0.36681,0.406841,-0.308505,-0.0147715,0.345747,0.492614
16.5081,24.2207,26.7928,0.379551,0.425025,-0.310233,0.0120279,0.344884,0.506014
16.3668,22.4663,-8.45206,0.347631,0.381426,-0.294168,-0.0311221,0.352916,0.484439
15.4171,22.633,-26.1644,0.33075,0.369725,-0.327022,-0.0120386,0.336489,0.493981
15.3738,22.9326,634.488,0.331012,0.371885,-0.32926,0.000519757,0.33537,0.50026
15.7446,24.0292,14.7727,0.355846,0.402878,-0.329114,0.0238961,0.335443,0.511948
15.8216,21.1148,-4.62001,0.305611,0.332419,-0.289253,-0.0514685,0.355373,0.474266
16.7319,22.7473,24.5793,0.320577,0.351814,-0.256448,0.010876,0.371776,0.505438
15.1722,21.807,-19.224,0.297761,0.330977,-0.315088,-0.0155799,0.342456,0.49221
17.3606,24.1092,6.75361,0.349817,0.386947,-0.248783,0.0432394,0.375609,0.52162
15.6572,21.4221,-6.96283,0.304335,0.333499,-0.296304,-0.0372109,0.351848,0.481395
14.8733,22.7662,30.4021,0.311093,0.352095,-0.339159,0.0115352,0.330421,0.505768
16.2455,23.8599,11.091,0.346346,0.38848,-0.298958,0.0296262,0.350521,0.514813
16.8329,24.3495,12.6256,0.374007,0.4177,-0.291371,0.0250628,0.354315,0.512531
16.2918,22.3725,-8.93584,0.341545,0.374829,-0.293288,-0.0295182,0.353356,0.485241
16.4261,23.6871,22.7494,0.355508,0.396376,-0.297064,0.0136585,0.351468,0.506829
16.3755,22.3086,-11.3329,0.332688,0.364504,-0.282785,-0.0229293,0.358608,0.488535
16.2554,23.1774,39.9459,0.33929,0.377009,-0.293369,0.00753274,0.353315,0.503766
16.5581,21.8958,-9.75333,0.31714,0.34469,-0.262217,-0.0243847,0.368892,0.487808
15.8624,23.2897,17.385,0.331213,0.371156,-0.306182,0.0186867,0.346909,0.509343
15.7222,22.5987,-52.2792,0.324909,0.361427,-0.308314,-0.00578677,0.345843,0.497107
15.6802,21.0021,-6.28368,0.287424,0.313185,-0.282343,-0.0387637,0.358829,0.480618
17.1669,22.1518,32.8251,0.301163,0.325707,-0.219684,0.00690285,0.390158,0.503451
17.6043,20.8846,-5.95979,0.278565,0.293675,-0.178714,-0.0256781,0.410643,0.487161
16.4831,22.5715,10.577,0.297625,0.327589,-0.250627,0.0261696,0.374686,0.513085
15.1596,20.1245,-5.4266,0.250359,0.272076,-0.279468,-0.0434862,0.360266,0.478257
14.8049,21.8649,16.941,0.26623,0.298805,-0.309738,0.0194303,0.345131,0.509715
14.6207,19.4542,-4.96904,0.221702,0.241019,-0.28424,-0.0476191,0.35788,0.47619
14.6766,21.1421,17.9242,0.2372,0.264469,-0.293764,0.0173576,0.353118,0.508679
15.0073,21.5289,17.297,0.254515,0.283478,-0.2905,0.0178253,0.35475,0.508913
14.6008,20.9065,-51.5505,0.247463,0.275004,-0.305675,-0.00581679,0.347163,0.497092
14.1042,20.4273,-21.1756,0.232421,0.258874,-0.319488,-0.0144072,0.340256,0.492796
14.0422,19.8283,-13.0362,0.212748,0.235299,-0.307316,-0.0218945,0.346342,0.489053
14.9853,22.2801,7.09791,0.258715,0.291543,-0.294887,0.0483587,0.352557,0.524179
15.506,22.2021,13.9491,0.281173,0.313111,-0.286164,0.0220991,0.356918,0.51105
14.9835,21.5584,-80.4599,0.275206,0.306263,-0.307606,-0.00377616,0.346197,0.498112
15.596,23.2513,9.33488,0.311673,0.351137,-0.304717,0.0365592,0.347642,0.51828
16.4201,23.5048,13.0457,0.3384,0.376855,-0.28489,0.0236508,0.357555,0.511825
16.4151,23.8081,17.3121,0.355998,0.397657,-0.297934,0.0182646,0.351033,0.509132
16.5884,24.0661,21.6773,0.371204,0.414554,-0.300689,0.014542,0.349656,0.507271
16.0831,23.7264,2888.31,0.368387,0.412707,-0.322068,0.000111546,0.338966,0.500056
15.7608,22.7859,-15.1348,0.346861,0.385998,-0.32212,-0.0199643,0.33894,0.490018
15.2574,23.1576,-170.948,0.342139,0.385972,-0.342459,-0.00199164,0.32877,0.499004
15.3354,22.7143,-30.308,0.332349,0.372388,-0.332018,-0.0106049,0.333991,0.494698
15.1764,23.5731,27.1143,0.344155,0.390988,-0.347628,0.0133118,0.326186,0.506656
15.1687,22.855,-37.8161,0.335617,0.37771,-0.34216,-0.00881489,0.32892,0.495593
15.0496,23.7245,25.8574,0.34863,0.397545,-0.356552,0.0143439,0.321724,0.507172
14.8346,22.2806,-13.6003,0.324259,0.364173,-0.350162,-0.0239833,0.324919,0.488008
14.8667,23.1174,56.8559,0.330406,0.375235,-0.352842,0.006317,0.323579,0.503158
15.0252,23.2457,59.9699,0.336914,0.382137,-0.3498,0.00593184,0.3251,0.502966
14.8001,22.8631,-65.8839,0.33059,0.374453,-0.356112,-0.00532434,0.321944,0.497338
14.9999,21.8851,-12.6687,0.308491,0.343976,-0.331216,-0.0242316,0.334392,0.487884
15.3655,21.5535,-14.2854,0.291735,0.322158,-0.301146,-0.0197015,0.349427,0.490149
15.4065,22.1909,66.2915,0.29625,0.329982,-0.302515,0.0046333,0.348742,0.502317
14.9607,20.5959,-7.6849,0.261881,0.287493,-0.298583,-0.0343795,0.350709,0.48281
15.2071,21.0549,-42.7765,0.257107,0.283213,-0.282397,-0.00645089,0.358801,0.496775
15.7418,20.5978,-16.4737,0.246533,0.267344,-0.246538,-0.0141091,0.376731,0.492945
15.7698,19.2741,-4.41951,0.210416,0.223606,-0.214145,-0.0395137,0.392928,0.480243
15.2299,20.0485,-520.559,0.20798,0.226088,-0.240701,-0.000461503,0.379649,0.499769
15.4238,20.3339,35.4436,0.214765,0.233658,-0.236273,0.00685969,0.381864,0.50343
14.5194,19.2256,-9.82727,0.189885,0.206456,-0.263145,-0.0243039,0.368428,0.487848
14.2973,17.4997,-2.99361,0.138843,0.147488,-0.23006,-0.0576071,0.38497,0.471196
15.0939,18.4426,-52.9142,0.1381,0.146976,-0.184374,-0.00341976,0.407813,0.49829
13.8969,15.4548,-1.06938,0.0620892,0.0641162,-0.178267,-0.0861452,0.410866,0.456927
15.2406,18.6086,3.87688,0.103081,0.109926,-0.140884,0.0489713,0.429558,0.524486
15.3877,19.5904,4.43236,0.145114,0.156692,-0.174574,0.0508613,0.412713,0.525431
13.4315,16.1245,-2.21977,0.081106,0.0856463,-0.225299,-0.0699737,0.38735,0.465013
14.0214,16.2416,-4.11859,0.0560921,0.0587094,-0.164435,-0.0321251,0.417782,0.483937
13.9498,17.2791,13.2621,0.0676008,0.0722891,-0.180778,0.0147429,0.409611,0.507371
14.0862,17.8908,8.71291,0.0875942,0.0943961,-0.192958,0.0250175,0.403521,0.512509
14.1049,16.4915,-5.02938,0.0649091,0.068134,-0.168638,-0.0279694,0.415681,0.486015
12.8594,11.4303,0.572698,-0.0837574,-0.0808171,-0.0765704,-0.179195,0.461715,0.410403
13.5176,16.237,2.26619,-0.028405,-0.030177,-0.101045,0.0798024,0.449477,0.539901
12.7319,13.8598,-1.95585,-0.0576009,-0.0591624,-0.118068,-0.0399437,0.440966,0.480028
12.0663,12.1484,-0.0750492,-0.117115,-0.117364,-0.088865,-0.0826613,0.455568,0.458669
12.0696,12.4535,-0.987416,-0.138263,-0.139669,-0.0601587,-0.0302698,0.469921,0.484865
12.3248,13.1269,5.60453,-0.131621,-0.134378,-0.0507557,0.011023,0.474622,0.505512
11.0738,10.7164,0.331124,-0.190386,-0.188423,-0.0612035,-0.091502,0.469398,0.454249
11.4095,11.963,6.59445,-0.187601,-0.190554,-0.0395301,0.00706595,0.480235,0.503533
11.0087,11.6029,-4.32828,-0.19308,-0.196407,-0.0623083,-0.0116939,0.468846,0.494153
12.2475,13.9697,1.48062,-0.14083,-0.147236,-0.0436534,0.0908272,0.478173,0.545414
13.1904,16.6156,1.68863,-0.0506174,-0.0547097,-0.0957538,0.13905,0.452123,0.569525
12.5451,12.9978,-0.586629,-0.091112,-0.0921411,-0.0889295,-0.0560493,0.455535,0.471975
11.861,12.1954,-0.438123,-0.131352,-0.132515,-0.0847012,-0.058897,0.457649,0.470552
12.6053,14.0221,2.61306,-0.106289,-0.110095,-0.0648849,0.0402246,0.467558,0.520112
12.0274,12.3181,-0.511912,-0.135784,-0.136829,-0.0666256,-0.0440671,0.466687,0.477966
12.0128,13.1626,8.26804,-0.128455,-0.132335,-0.0776052,0.0106776,0.461197,0.505339
11.5047,11.2494,0.298651,-0.175712,-0.174456,-0.0495162,-0.0706014,0.475242,0.464699
12.1327,13.5694,1.90643,-0.139905,-0.145228,-0.0533018,0.0588043,0.473349,0.529402
12.0963,13.1782,5.92942,-0.130206,-0.133904,-0.069206,0.0140394,0.465397,0.50702
11.8938,12.5108,-2.56895,-0.142474,-0.144824,-0.0672151,-0.0188333,0.466392,0.490583
11.0735,11.6411,-1.04674,-0.169317,-0.172029,-0.091103,-0.0445114,0.454448,0.477744
12.2673,14.3403,1.84692,-0.119048,-0.125425,-0.071918,0.0849169,0.464041,0.542458
12.7904,14.4742,2.62111,-0.088453,-0.0921344,-0.0752873,0.0464418,0.462356,0.523221
13.2477,15.6023,2.58203,-0.0454945,-0.0480074,-0.0982056,0.0620756,0.450897,0.531038
12.9064,13.7918,-2.00189,-0.0680768,-0.0695335,-0.0932685,-0.0310699,0.453366,0.484465
12.3103,14.0677,-21.21,-0.0712757,-0.0743602,-0.130052,-0.00585556,0.434974,0.497072
13.0653,15.2371,3.92541,-0.0456297,-0.047965,-0.110222,0.0376776,0.444889,0.518839
12.1232,12.7195,-0.629737,-0.0954156,-0.0968576,-0.112917,-0.0692855,0.443541,0.465357
11.8624,12.5777,-1.34185,-0.123379,-0.125696,-0.0952157,-0.0406583,0.452392,0.479671
11.5951,12.8842,-11.4294,-0.128425,-0.132829,-0.107864,-0.00867813,0.446068,0.495661
11.3533,12.3801,-3.36948,-0.143886,-0.147909,-0.104967,-0.0240228,0.447516,0.487989
11.4042,12.3927,-6.8106,-0.151859,-0.155975,-0.0904226,-0.0115769,0.454789,0.494212
10.8796,11.3377,-0.78305,-0.182408,-0.184814,-0.0874875,-0.0490662,0.456256,0.475467
12.0633,13.6537,1.7774,-0.142691,-0.148729,-0.0545178,0.0701287,0.472741,0.535064
11.0603,11.1711,-0.144317,-0.182491,-0.183069,-0.0735666,-0.0642886,0.463217,0.467856
10.6912,11.3894,-2.5731,-0.195639,-0.199655,-0.0831507,-0.0232713,0.458425,0.488364
10.9348,12.1339,5.01959,-0.184204,-0.190564,-0.0807203,0.0200817,0.45964,0.510041
10.4721,10.9564,-1.05361,-0.207785,-0.210807,-0.0826833,-0.0402625,0.458658,0.479869
10.1833,9.93295,0.349764,-0.249042,-0.247061,-0.0437058,-0.0672152,0.478147,0.466392
10.4113,11.2089,2.81152,-0.23491,-0.240718,-0.0470379,0.025966,0.476481,0.512983
11.4796,13.8413,1.52942,-0.165092,-0.175901,-0.0664816,0.125575,0.466759,0.562787
10.9951,11.7348,-2.66241,-0.178131,-0.181894,-0.084714,-0.0231307,0.457643,0.488435
11.1529,13.1498,3.4349,-0.149206,-0.157417,-0.112627,0.0462555,0.443686,0.523128
10.7586,11.9594,-3.99358,-0.163747,-0.169321,-0.122474,-0.0245263,0.438763,0.487737
10.5101,11.2905,-1.64342,-0.188931,-0.193262,-0.106683,-0.0403582,0.446658,0.479821
11.1671,12.7206,3.19006,-0.167065,-0.174348,-0.0871789,0.0398066,0.456411,0.519903
11.6975,13.158,3.10338,-0.145096,-0.150812,-0.0780207,0.037093,0.46099,0.518547
10.9225,11.5272,-1.06803,-0.173417,-0.176403,-0.0968242,-0.0468196,0.451588,0.47659
11.2063,12.7885,4.49015,-0.156427,-0.163287,-0.0988895,0.0283339,0.450555,0.514167
11.8658,13.9956,2.65304,-0.119117,-0.12575,-0.100589,0.060851,0.449706,0.530425
11.8816,13.2829,31.0479,-0.116829,-0.121097,-0.102451,0.00340959,0.448774,0.501705
11.4131,12.7528,-5.57665,-0.12801,-0.132596,-0.121596,-0.018489,0.439202,0.490756
11.169,12.1576,-2.40651,-0.149273,-0.153338,-0.111342,-0.0326851,0.444329,0.483657
11.6114,13.4485,4.10528,-0.128272,-0.134537,-0.106887,0.0344211,0.446556,0.517211
11.0431,12.0863,-2.32342,-0.150493,-0.15484,-0.119044,-0.0358197,0.440478,0.48209
11.3583,12.7158,14.9822,-0.147047,-0.1525,-0.100347,0.00717678,0.449827,0.503588
10.9,11.0207,-0.155744,-0.189431,-0.190094,-0.0759355,-0.0657027,0.462032,0.467149
10.5328,11.8673,37.2459,-0.185485,-0.192723,-0.109763,0.0030283,0.445118,0.501514
10.5421,11.9828,18.984,-0.181482,-0.189092,-0.114624,0.00637369,0.442688,0.503187
10.1244,10.8064,-1.27014,-0.209588,-0.213944,-0.107453,-0.0473333,0.446273,0.476333
10.1307,11.5132,16.2068,-0.205007,-0.213599,-0.11351,0.00746443,0.443245,0.503732
10.2479,11.0762,-4.74586,-0.215488,-0.220938,-0.0891349,-0.0155129,0.455433,0.492244
10.2843,11.4553,11.3914,-0.210103,-0.217561,-0.0940909,0.00905467,0.452955,0.504527
10.1741,11.5652,13.0225,-0.203614,-0.212174,-0.112084,0.00932285,0.443958,0.504661
10.3312,11.3738,-24.7201,-0.206906,-0.213411,-0.0950277,-0.00369468,0.452486,0.498153
10.0289,11.1687,-9.26649,-0.211799,-0.219201,-0.111838,-0.0108935,0.444081,0.494553
10.6342,12.7657,2.80603,-0.176648,-0.187516,-0.114266,0.0632689,0.442867,0.531634
11.3579,13.0409,3.18703,-0.152999,-0.160077,-0.092301,0.0422038,0.453849,0.521102
11.2485,12.1034,-4.21184,-0.163536,-0.167435,-0.0859636,-0.0164939,0.457018,0.491753
10.5789,11.7803,-4.6177,-0.174532,-0.180582,-0.121389,-0.0216083,0.439306,0.489196
10.7234,12.4918,7.76525,-0.163373,-0.171568,-0.125627,0.0185694,0.437187,0.509285
10.452,11.7095,-4.58858,-0.176916,-0.183379,-0.127808,-0.0228695,0.436096,0.488565
10.3081,11.481,-4.71726,-0.189728,-0.196318,-0.121187,-0.0211967,0.439406,0.489402
10.3171,11.4796,-9.34963,-0.196567,-0.203383,-0.110896,-0.010715,0.444552,0.494642
10.282,10.9827,-2.28722,-0.213592,-0.218146,-0.0891984,-0.0271349,0.455401,0.486433
10.6261,10.7789,-0.606118,-0.230414,-0.231491,-0.0367038,-0.0228525,0.481648,0.488574
10.0043,10.7549,-5.47258,-0.233807,-0.239328,-0.0815086,-0.0125929,0.459246,0.493704
9.44741,9.82672,-0.730875,-0.260383,-0.26366,-0.0868276,-0.050164,0.456586,0.474918
10.14,11.6071,2.26129,-0.231069,-0.241644,-0.0746773,0.0592072,0.462661,0.529604
10.9231,12.4704,1.98247,-0.195368,-0.20418,-0.0655927,0.0667633,0.467204,0.533382
10.3734,11.6899,NULL,-0.192237,-0.199735,-0.112616,0,0.443692,0.5
10.4415,12.031,9.25209,-0.183503,-0.192042,-0.119541,0.0144862,0.440229,0.507243
10.5163,12.1494,11.1883,-0.176191,-0.184525,-0.123887,0.0121597,0.438056,0.50608
10.9979,12.9391,4.07284,-0.154132,-0.162461,-0.117522,0.0382454,0.441239,0.519123
10.6791,12.1471,-9.36571,-0.161076,-0.167777,-0.132047,-0.0127388,0.433977,0.493631
10.4096,11.5561,-3.11581,-0.179864,-0.185884,-0.127015,-0.0308602,0.436493,0.48457
10.6145,12.292,9.04922,-0.171194,-0.17944,-0.123243,0.0153112,0.438378,0.507656
10.7178,12.4987,9.01265,-0.161395,-0.169533,-0.128714,0.0160638,0.435643,0.508032
10.8394,12.4524,21.2593,-0.157971,-0.165129,-0.124196,0.00613034,0.437902,0.503065
11.1023,13.1585,5.17972,-0.138907,-0.146705,-0.130016,0.0311063,0.434992,0.515553
11.3004,13.6387,5.24438,-0.117357,-0.124638,-0.143445,0.0337964,0.428278,0.516898
11.5372,13.9413,6.33613,-0.0992668,-0.10544,-0.149296,0.0279784,0.425352,0.513989
11.1988,12.3519,-1.95154,-0.129865,-0.133903,-0.13475,-0.0456541,0.432625,0.477173
11.1622,13.1042,-133.588,-0.120706,-0.126974,-0.149137,-0.0011081,0.425431,0.499446
10.7947,11.9223,-1.93089,-0.150976,-0.15573,-0.13685,-0.0466922,0.431575,0.476654
10.8229,12.4639,-77.6548,-0.152203,-0.159181,-0.133131,-0.0016926,0.433434,0.499154
10.6661,11.5175,-1.79638,-0.177593,-0.181957,-0.110528,-0.0395253,0.444736,0.480237
10.6243,12.1401,20.3347,-0.173423,-0.180987,-0.119455,0.00617828,0.440272,0.503089
10.1766,10.9673,-1.47497,-0.201183,-0.205976,-0.115336,-0.0466008,0.442332,0.4767
10.6023,12.3931,3.95169,-0.180029,-0.189378,-0.112025,0.0379529,0.443987,0.518976
10.6775,12.1819,12.3708,-0.173972,-0.181493,-0.114653,0.0100831,0.442673,0.505042
10.3216,11.5447,-4.79659,-0.18604,-0.192749,-0.125267,-0.0216104,0.437367,0.489195
10.4178,11.8315,88.9292,-0.185714,-0.193425,-0.118305,0.00134546,0.440847,0.500673
10.3011,11.4558,-6.47033,-0.194827,-0.201529,-0.114593,-0.0153398,0.442703,0.49233
10.3194,11.7484,24.9964,-0.191859,-0.199994,-0.117336,0.00488975,0.441332,0.502445
10.6023,12.4439,4.81878,-0.173521,-0.182723,-0.120998,0.0316849,0.439501,0.515842
10.3361,11.453,-3.71829,-0.188605,-0.194829,-0.120583,-0.0255566,0.439708,0.487222
10.261,10.8354,-1.27753,-0.213671,-0.217409,-0.0907524,-0.0398469,0.454624,0.480077
9.80917,10.713,-3.20173,-0.226631,-0.233073,-0.107876,-0.0256741,0.446062,0.487163
10.4969,12.5044,2.57773,-0.191005,-0.2023,-0.10479,0.0664179,0.447605,0.533209
10.8487,12.8217,3.52128,-0.164097,-0.17325,-0.115212,0.0456956,0.442394,0.522848
11.1189,13.2518,4.22539,-0.139724,-0.147864,-0.127721,0.0395987,0.436139,0.519799
10.9073,12.6361,-31.2481,-0.141796,-0.148551,-0.140575,-0.00435916,0.429713,0.49782
10.9914,12.5568,-23.3246,-0.145641,-0.151932,-0.129319,-0.00531636,0.435341,0.497342
11.4242,13.7708,4.00522,-0.118148,-0.125483,-0.133537,0.0444351,0.433231,0.522218
11.5169,13.6816,8.63577,-0.105853,-0.111824,-0.14251,0.0186635,0.428745,0.509332
11.282,13.4574,164.271,-0.104534,-0.110492,-0.160828,0.000985039,0.419586,0.500493
11.3894,13.4362,-515.85,-0.105031,-0.110648,-0.152585,-0.000295221,0.423707,0.499852
11.9056,15.0943,3.74685,-0.06597,-0.0711779,-0.164124,0.0597499,0.417938,0.529875
11.6663,13.938,-14.9638,-0.0731507,-0.0773211,-0.172003,-0.0107746,0.413998,0.494613
11.6878,14.0872,-1813.76,-0.0732545,-0.0776635,-0.170402,-9.38978e-05,0.414799,0.499953
11.9356,14.997,6.63543,-0.0516382,-0.0554932,-0.178869,0.0317401,0.410565,0.51587
11.5677,13.7475,-5.60995,-0.0706866,-0.0745541,-0.181688,-0.027487,0.409156,0.486256
11.4859,13.5186,-6.6574,-0.0859942,-0.090461,-0.16913,-0.0220871,0.415435,0.488956
11.5072,13.9911,29.6227,-0.0818942,-0.0870673,-0.172574,0.00602928,0.413713,0.503015
11.8838,14.8678,6.11048,-0.0592201,-0.063568,-0.173558,0.0339611,0.413221,0.516981
12.3996,15.4629,5.55446,-0.0337776,-0.0362283,-0.168451,0.036986,0.415774,0.518493
12.3367,15.7919,7.73725,-0.0128095,-0.0138381,-0.196062,0.0291012,0.401969,0.514551
12.5648,16.0032,10.3454,0.00267116,0.00288034,-0.198205,0.0212088,0.400898,0.510604
12.0529,14.7712,-6.13426,-0.0189609,-0.0201742,-0.207794,-0.0291262,0.396103,0.485437
12.1005,15.5656,19.6171,-0.0106634,-0.0115251,-0.213692,0.0114783,0.393154,0.505739
12.3514,16.2609,8.84533,0.00963751,0.010494,-0.219199,0.0279401,0.3904,0.51397
12.187,15.9914,44.001,0.0136227,0.0148007,-0.23376,0.00543615,0.38312,0.502718
12.124,15.4035,-13.1881,0.00176975,0.0019034,-0.225414,-0.0158875,0.387293,0.492056
12.1142,15.4755,-38.1358,-0.00240373,-0.00259058,-0.221632,-0.00566315,0.389184,0.497168
12.5558,16.588,7.74853,0.0213744,0.0233029,-0.218565,0.032387,0.390718,0.516193
12.5127,16.5932,15.4062,0.0334923,0.0365179,-0.233678,0.0162206,0.383161,0.50811
12.2291,15.5648,-8.84412,0.0153684,0.0165306,-0.232902,-0.023659,0.383549,0.488171
12.4158,16.2771,22.9241,0.0232241,0.0252333,-0.229247,0.0104564,0.385376,0.505228
13.161,16.0426,-87.3062,0.0220433,0.0234451,-0.181303,-0.00205312,0.409348,0.498973
13.4789,17.1213,6.85808,0.0465463,0.0501799,-0.187539,0.0320138,0.40623,0.516007
12.5337,16.1957,-18.6766,0.03645,0.0393954,-0.235365,-0.0119617,0.382317,0.494019
12.5406,16.6121,36.8327,0.0415291,0.0452418,-0.24004,0.00669891,0.37998,0.503349
12.3911,16.2827,-35.6784,0.0363352,0.0394654,-0.24407,-0.00665433,0.377965,0.496673
12.4635,16.7215,25.6982,0.0439528,0.0480591,-0.24718,0.010008,0.37641,0.505004
12.5574,16.7389,45.5555,0.0482428,0.0526424,-0.245672,0.00551383,0.377164,0.502757
12.5017,17.0223,23.9654,0.0567202,0.0622739,-0.257342,0.0112056,0.371329,0.505603
13.2082,18.136,7.42966,0.0868688,0.0957586,-0.244069,0.0379598,0.377966,0.51898
12.7287,17.6424,57.7547,0.0898039,0.0990272,-0.275022,0.0048458,0.362489,0.502423
12.8202,17.5018,-168.78,0.0887257,0.0974013,-0.268653,-0.00158236,0.365674,0.499209
12.6911,16.6311,-8.88821,0.0679344,0.0736489,-0.25672,-0.0259622,0.37164,0.487019
12.6647,17.1088,258.135,0.0686774,0.0751924,-0.259012,0.0010073,0.370494,0.500504
12.6134,17.1923,90.8133,0.0708825,0.0778032,-0.264175,0.00294138,0.367913,0.501471
12.5624,15.8063,-4.95818,0.0396558,0.042484,-0.236819,-0.0397468,0.381591,0.480127
12.2966,15.1819,-4.60623,0.0091278,0.00972754,-0.222141,-0.0396239,0.38893,0.480188
12.4402,16.7371,9.1227,0.0305565,0.033476,-0.235204,0.0289564,0.382398,0.514478
12.2133,16.1262,-56.0457,0.0271632,0.029546,-0.245906,-0.00431068,0.377047,0.497845
12.6422,17.3346,8.10473,0.0533158,0.0587363,-0.245491,0.0345532,0.377254,0.517277
12.4394,16.9679,42.5178,0.057905,0.0635855,-0.262255,0.00631669,0.368872,0.503158
12.3187,16.446,-19.9922,0.0482339,0.0525973,-0.260242,-0.0123971,0.369879,0.493801
12.312,16.2082,-17.6635,0.037975,0.0412507,-0.250585,-0.0134265,0.374707,0.493287
12.1355,15.9873,-17.568,0.0276052,0.0299921,-0.251201,-0.0135287,0.374399,0.493236
13.2596,18.4715,4.4566,0.079187,0.0878096,-0.233638,0.0675918,0.383181,0.533796
13.2641,17.9078,15.199,0.0928473,0.101743,-0.246457,0.0173574,0.376771,0.508679
13.0215,18.1409,18.8697,0.104383,0.115342,-0.271302,0.0151822,0.364349,0.507591
12.9654,18.0659,51.814,0.108631,0.119962,-0.278395,0.0054787,0.360803,0.502739
13.1515,18.9163,11.9965,0.129858,0.144823,-0.286633,0.0260659,0.356684,0.513033
13.0911,18.4728,290.266,0.130518,0.144566,-0.290619,0.00100468,0.35469,0.500502
13.4709,18.8427,27.5227,0.140067,0.154888,-0.277605,0.0104667,0.361197,0.505233
13.6183,19.393,15.3411,0.156751,0.174276,-0.283872,0.0197943,0.358064,0.509897
13.8006,19.2634,44.1143,0.162713,0.17978,-0.278949,0.00646998,0.360526,0.503235
14.6873,18.9232,-39.2687,0.160643,0.173543,-0.228249,-0.00566814,0.385876,0.497166
13.8263,18.7333,-33.0835,0.151425,0.165828,-0.267739,-0.00785539,0.36613,0.496072
13.708,18.2338,-14.0937,0.136608,0.148774,-0.261221,-0.0173066,0.36939,0.491347
13.2811,18.4756,-131.158,0.133707,0.147511,-0.282695,-0.00213906,0.358653,0.49893
13.1869,17.735,-11.7873,0.115973,0.126645,-0.272284,-0.0212933,0.363858,0.489353
13.1401,17.8888,-41.0524,0.110673,0.121366,-0.270175,-0.00642473,0.364912,0.496788
13.0575,18.0734,145.545,0.11202,0.123456,-0.276148,0.00191047,0.361926,0.500955
13.1566,17.8357,-46.1932,0.107691,0.117969,-0.266509,-0.00564719,0.366746,0.497176
12.8478,18.0165,129.941,0.108779,0.1203,-0.285306,0.00221269,0.357347,0.501106
13.8507,18.9419,10.4136,0.132442,0.145727,-0.249404,0.026494,0.375298,0.513247
13.3446,17.8989,-16.5656,0.118706,0.129586,-0.265726,-0.0151276,0.367137,0.492436
13.3941,17.2956,-8.99694,0.098849,0.106743,-0.244521,-0.0244596,0.377739,0.48777
13.025,18.3189,17.8124,0.11118,0.123175,-0.277258,0.0164913,0.361371,0.508246
13.551,18.9977,11.016,0.133896,0.148321,-0.267642,0.0267215,0.366179,0.513361
13.2428,19.1922,17.1144,0.148092,0.165391,-0.297263,0.018447,0.351369,0.509224
13.4508,18.7204,-85.0292,0.145961,0.161038,-0.283864,-0.00329962,0.358068,0.49835
13.1709,18.9044,93.9068,0.147827,0.164492,-0.301028,0.00324011,0.349486,0.50162
13.1273,18.9493,109.708,0.150011,0.167163,-0.305293,0.00280838,0.347354,0.501404
12.8862,18.16,-14.4707,0.133061,0.147114,-0.304367,-0.0196737,0.347817,0.490163
13.1747,18.1532,-26.96,0.125586,0.138128,-0.28156,-0.0100701,0.35922,0.494965
12.8131,17.4984,-11.2941,0.105878,0.116077,-0.284711,-0.0231584,0.357644,0.488421
13.3176,18.398,20.8197,0.117758,0.129814,-0.266408,0.0134416,0.366796,0.506721
12.7067,17.9271,-46.1721,0.111278,0.123185,-0.295643,-0.00626733,0.352178,0.496866
13.0829,18.6163,19.0612,0.124829,0.138717,-0.286099,0.0158405,0.35695,0.50792
13.3796,19.3507,11.4981,0.14791,0.165214,-0.289507,0.0275772,0.355246,0.513789
13.0027,18.8128,-627.685,0.146412,0.163209,-0.309178,-0.000491786,0.345411,0.499754
13.5661,20.0617,10.316,0.174726,0.196373,-0.301868,0.0324032,0.349066,0.516202
13.3651,19.6017,73.338,0.17772,0.198873,-0.315198,0.0043573,0.342401,0.502179
14.16,20.652,11.2772,0.20476,0.229234,-0.294688,0.0286741,0.352656,0.514337
14.58,20.3844,37.535,0.213011,0.235474,-0.279279,0.00764414,0.360361,0.503822
14.9271,19.861,-26.8847,0.20626,0.224758,-0.255304,-0.00915572,0.372348,0.495422
15.2463,21.4523,8.66991,0.237658,0.263662,-0.264759,0.0345192,0.36762,0.51726
14.2176,21.0232,47.3049,0.239435,0.268545,-0.319058,0.00689038,0.340471,0.503445
14.1237,21.4574,25.1988,0.251204,0.283836,-0.332731,0.0137499,0.333634,0.506875
14.0669,21.1956,489.504,0.251568,0.283349,-0.335872,0.000687551,0.332064,0.500344
13.9189,21.1546,-547.258,0.250352,0.282553,-0.342451,-0.000624617,0.328774,0.499688
13.9547,21.1757,1819,0.250676,0.282828,-0.340879,0.000187502,0.329561,0.500094
14.3002,21.9083,20.4828,0.267639,0.303129,-0.336014,0.0172467,0.331993,0.508623
14.2044,21.6959,94.0298,0.270523,0.305807,-0.342883,0.00368573,0.328559,0.501843
14.3372,22.4281,19.7497,0.288004,0.327922,-0.348853,0.0186058,0.325573,0.509303
14.288,21.7862,-64.7462,0.282898,0.319413,-0.347638,-0.00528757,0.326181,0.497356
14.284,21.7857,-129.216,0.280444,0.316734,-0.346086,-0.00265779,0.326957,0.498671
14.0177,21.5274,-47.6492,0.272523,0.308185,-0.353576,-0.00726787,0.323212,0.496366
14.2434,22.1104,36.8062,0.282459,0.320748,-0.349519,0.00976143,0.32524,0.504881
14.0017,21.6882,-73.898,0.276925,0.313889,-0.357491,-0.00477304,0.321255,0.497613
14.0089,21.295,-29.4773,0.266502,0.300512,-0.3497,-0.0114741,0.32515,0.494263
14.4047,22.2034,23.4126,0.282139,0.31998,-0.341357,0.0152306,0.329321,0.507615
14.5696,22.7009,19.3978,0.300155,0.341428,-0.346119,0.0188131,0.326941,0.509407
14.1351,21.8498,-35.9067,0.288934,0.327192,-0.359381,-0.00973754,0.32031,0.495131
14.1846,20.2033,-6.61236,0.249236,0.275827,-0.328174,-0.0431107,0.335913,0.478445
14.3069,22.2965,13.3258,0.274396,0.31239,-0.340602,0.0276333,0.329699,0.513817
14.2815,21.856,95.0739,0.277605,0.313962,-0.344172,0.00365853,0.327914,0.501829
14.2143,22.2365,34.6855,0.286847,0.326369,-0.354048,0.0105104,0.322976,0.505255
14.5555,22.7765,21.1345,0.30449,0.346681,-0.34984,0.0173751,0.32508,0.508688
14.4765,22.3453,-372.079,0.303208,0.343503,-0.352756,-0.000945526,0.323622,0.499527
14.3251,22.4565,180.407,0.304299,0.346133,-0.360813,0.00201114,0.319593,0.501006
14.1542,21.8879,-29.7245,0.292498,0.3312,-0.36093,-0.0117473,0.319535,0.494126
14.6515,22.6912,29.4301,0.306254,0.347644,-0.346441,0.0121857,0.32678,0.506093
14.6324,22.5771,99.735,0.309459,0.350691,-0.349598,0.00354077,0.325201,0.50177
14.2486,22.0131,-32.2454,0.297371,0.336667,-0.359725,-0.0108203,0.320137,0.49459
14.3587,21.4906,-18.851,0.281857,0.316457,-0.343419,-0.0172998,0.328291,0.49135
14.1586,21.8372,-483.985,0.280226,0.317412,-0.352103,-0.000726007,0.323949,0.499637
14.1237,22.2171,44.286,0.287612,0.327613,-0.359012,0.00829394,0.320494,0.504147
14.5303,23.0405,16.7301,0.310358,0.354678,-0.355121,0.0225758,0.32244,0.511288
14.5386,23.2304,24.6956,0.32475,0.371563,-0.364529,0.0153838,0.317736,0.507692
15.8886,22.4072,-27.8141,0.322063,0.356383,-0.298255,-0.010351,0.350873,0.494825
14.9319,23.0188,42.6927,0.324835,0.36819,-0.345935,0.00829726,0.327032,0.504149
14.5434,22.7237,-154.941,0.320565,0.3642,-0.361475,-0.00231802,0.319262,0.498841
14.62,23.1912,41.1571,0.329503,0.376119,-0.363876,0.00906131,0.318062,0.504531
14.9218,23.3655,43.9572,0.339022,0.385744,-0.356081,0.00828921,0.321959,0.504145
16.4513,24.9828,9.256,0.384541,0.435347,-0.316269,0.0383078,0.341865,0.519154
16.802,24.7755,22.1619,0.401346,0.450104,-0.311837,0.0147358,0.344081,0.507368
16.021,24.5402,136.661,0.399123,0.451452,-0.345489,0.00254672,0.327255,0.501273
15.4854,24.214,-66.3356,0.390433,0.443536,-0.363935,-0.0054048,0.318032,0.497298
15.3307,24.4674,149.759,0.391971,0.447803,-0.371856,0.00249972,0.314072,0.50125
16.0157,24.6771,63.8318,0.401693,0.455138,-0.3474,0.00552904,0.3263,0.502765
15.7332,24.0989,-37.9826,0.390855,0.44165,-0.35305,-0.00905659,0.323475,0.495472
15.3778,23.937,-44.9721,0.380859,0.432087,-0.362637,-0.0078882,0.318681,0.496056
15.4164,25.1379,19.0447,0.401494,0.461847,-0.374013,0.0207271,0.312993,0.510364
15.3495,24.4241,-89.4497,0.396935,0.452866,-0.374141,-0.00413646,0.312929,0.497932
15.8515,24.5175,-2183.78,0.399866,0.453264,-0.353567,-0.000161832,0.323216,0.499919
15.4382,23.3479,-13.646,0.373026,0.419642,-0.354791,-0.0242244,0.322604,0.487888
15.9076,25.0084,16.6552,0.397774,0.453613,-0.349702,0.0223377,0.325149,0.511169
15.5816,24.7593,61.5652,0.401819,0.458727,-0.366863,0.00605732,0.316569,0.503029
16.4038,25.6772,17.1986,0.428531,0.488128,-0.347449,0.0214493,0.326276,0.510725
15.9753,25.2016,290.205,0.427069,0.486486,-0.365297,0.00126311,0.317351,0.500632
15.8083,24.9111,-70.5734,0.420731,0.478857,-0.368682,-0.0051511,0.315659,0.497424
15.6242,25.3587,60.9302,0.425985,0.488793,-0.379963,0.0063401,0.310018,0.50317
15.6314,25.289,214.316,0.427851,0.490344,-0.380786,0.00178508,0.309607,0.500893
15.6739,25.0353,-89.9417,0.423897,0.484065,-0.376521,-0.00414025,0.311739,0.49793
15.8157,25.4765,57.1168,0.431614,0.494383,-0.375057,0.0066835,0.312472,0.503342
15.7764,25.1146,-97.0613,0.427449,0.487747,-0.374222,-0.0038162,0.312889,0.498092
15.7097,24.551,-26.9802,0.413547,0.469397,-0.368547,-0.0131717,0.315727,0.493414
17.6579,25.36,31.8578,0.435772,0.485207,-0.297009,0.00962509,0.351496,0.504813
18.8768,27.5282,7.01856,0.492456,0.552069,-0.282129,0.0468766,0.358935,0.523438
19.5829,27.9508,9.95927,0.530902,0.591096,-0.277667,0.0309922,0.361166,0.515496
18.0497,27.1847,246.268,0.521369,0.587202,-0.335127,0.00136637,0.332436,0.500683
16.7766,26.8152,-60.5928,0.505527,0.577267,-0.378204,-0.00614039,0.310898,0.49693
16.8082,26.596,-51.0387,0.498012,0.567267,-0.372542,-0.00715894,0.313729,0.496421
17.3134,25.4528,-12.3515,0.474219,0.529727,-0.336952,-0.025237,0.331524,0.487382
17.2018,24.8132,-11.8748,0.446639,0.496552,-0.324204,-0.0251812,0.337898,0.487409
16.6948,26.5101,18.4047,0.46454,0.53096,-0.35732,0.0205301,0.32134,0.510265
16.5182,23.9413,-7.44523,0.421097,0.468176,-0.337637,-0.0399796,0.331182,0.48001
16.5576,25.153,79.8684,0.425732,0.480638,-0.338898,0.00429701,0.330551,0.502149
16.0369,24.8974,-119.952,0.419389,0.47571,-0.357788,-0.00295811,0.321106,0.498521
16.0385,25.5194,34.4121,0.430485,0.491835,-0.36466,0.010914,0.31767,0.505457
16.0283,26.1031,23.2572,0.447663,0.514611,-0.3756,0.0168754,0.3122,0.508438
15.8798,25.752,240.319,0.448329,0.514092,-0.382371,0.00159775,0.308814,0.500799
16.9329,27.6294,10.9542,0.49347,0.568619,-0.36469,0.0366368,0.317655,0.518318
16.6676,27.0565,51.2753,0.499666,0.573427,-0.379322,0.0075449,0.310339,0.503772
16.7849,26.9255,283.497,0.501934,0.574064,-0.375786,0.00133023,0.312107,0.500665
16.5043,26.5573,-60.6832,0.493267,0.564158,-0.382393,-0.0061993,0.308804,0.4969
16.6684,27.3778,32.5101,0.507453,0.584249,-0.383755,0.0121788,0.308122,0.506089
17.1394,27.6283,35.9846,0.522385,0.598684,-0.37303,0.0106627,0.313485,0.505331
16.9578,27.4348,213.653,0.523021,0.599415,-0.380782,0.00179062,0.309609,0.500895
16.8295,27.1113,-75.1048,0.516595,0.591063,-0.382361,-0.00502414,0.308819,0.497488
16.8217,25.8253,-12.8264,0.487632,0.550463,-0.365868,-0.0264615,0.317066,0.486769
16.4834,26.3713,-127.051,0.482135,0.550846,-0.376789,-0.00294249,0.311605,0.498529
17.078,28.0496,13.5118,0.51797,0.597393,-0.373,0.0298119,0.3135,0.514906
16.6128,26.8579,-54.1562,0.507002,0.580464,-0.385781,-0.00699434,0.307109,0.496503
16.5479,26.981,-315.821,0.505215,0.579899,-0.387431,-0.00122287,0.306284,0.499389
16.2909,26.0698,-20.9006,0.484348,0.552629,-0.386122,-0.0176307,0.306939,0.491185
16.5053,26.3581,-109.894,0.482235,0.550698,-0.37593,-0.00339,0.312035,0.498305
16.3448,25.6756,-24.3473,0.465478,0.528918,-0.372773,-0.0147066,0.313614,0.492647
17.1026,25.8634,-89.8245,0.466653,0.525882,-0.341217,-0.00375688,0.329392,0.498122
16.3182,26.0271,293.177,0.462686,0.528451,-0.372231,0.00127399,0.313885,0.500637
17.2776,25.1646,-19.174,0.45212,0.504231,-0.324459,-0.016083,0.337771,0.491959
16.604,24.4327,-13.8543,0.42408,0.47393,-0.33578,-0.022605,0.33211,0.488698
16.6538,25.2418,70.2166,0.429381,0.484506,-0.337017,0.00486903,0.331491,0.502435
17.2457,27.2615,9.16411,0.476064,0.54459,-0.340977,0.0417654,0.329511,0.520883
16.4045,25.8074,-52.24,0.463004,0.526672,-0.368751,-0.00692619,0.315625,0.496537
16.1329,25.5237,-40.6954,0.451776,0.514496,-0.373588,-0.00895992,0.313206,0.49552
16.5149,26.3694,31.8674,0.466691,0.533698,-0.366278,0.0118662,0.316861,0.505933
16.0783,25.3219,-25.2245,0.448743,0.510236,-0.374103,-0.0142654,0.312948,0.492867
16.0188,25.9165,86.6084,0.452936,0.519231,-0.37917,0.00442912,0.310415,0.502215
15.8529,24.9702,-22.099,0.434907,0.494428,-0.375449,-0.0162539,0.312276,0.491873
16.7704,26.3362,19.8835,0.460118,0.52439,-0.351371,0.0186073,0.324314,0.509304
16.9528,26.6012,25.6783,0.476363,0.542587,-0.353576,0.0143274,0.323212,0.507164
16.3926,26.7921,36.5122,0.483839,0.556335,-0.381582,0.0107451,0.309209,0.505373
16.5088,26.9697,45.0515,0.49388,0.567703,-0.382561,0.00868439,0.30872,0.504342
17.3809,28.6054,11.8192,0.536904,0.619807,-0.371525,0.0343394,0.314237,0.51717
17.9623,28.3399,30.1508,0.554823,0.632679,-0.358389,0.0122943,0.320805,0.506147
17.1831,27.3355,-30.9402,0.535758,0.610771,-0.378855,-0.0118614,0.310572,0.494069
17.327,28.3397,32.3791,0.550211,0.632847,-0.381171,0.0121473,0.309414,0.506074
17.1126,27.7594,-88.8175,0.543823,0.623278,-0.386191,-0.00429973,0.306904,0.49785
17.7002,28.7539,25.0826,0.565506,0.649607,-0.374844,0.0155649,0.312578,0.507782
18.0317,28.4111,211.676,0.569978,0.649117,-0.364234,0.00172888,0.317883,0.500864
17.5954,27.467,-22.2355,0.548691,0.622468,-0.36959,-0.0159063,0.315205,0.492047
17.3959,27.8079,-202.173,0.545144,0.622776,-0.375584,-0.00184859,0.312208,0.499076
17.4407,28.231,57.8731,0.552856,0.633987,-0.37811,0.00664831,0.310945,0.503324
17.3073,27.552,-41.7784,0.542005,0.618171,-0.377373,-0.00882158,0.311314,0.495589
17.5191,27.1684,-30.8683,0.53093,0.601613,-0.362502,-0.011375,0.318749,0.494312
17.8076,28.2618,26.5942,0.548585,0.626565,-0.361019,0.0141055,0.319491,0.507053
17.207,27.5468,-64.4348,0.537677,0.614231,-0.378972,-0.00579159,0.310514,0.497104
17.3391,26.7889,-20.7548,0.520125,0.588554,-0.363567,-0.016712,0.318217,0.491644
18.5806,29.7081,8.84142,0.577662,0.662823,-0.346891,0.0442383,0.326554,0.522119
17.8389,27.5804,-22.5934,0.554532,0.627668,-0.363161,-0.0153925,0.318419,0.492304
17.545,27.0515,-19.9782,0.532976,0.602765,-0.362633,-0.0172862,0.318683,0.491357
17.7206,24.8644,-5.50542,0.479044,0.527902,-0.32266,-0.0495987,0.33867,0.475201
18.9588,27.5886,11.94,0.516419,0.577729,-0.294316,0.0269027,0.352842,0.513451
20.9236,27.6306,17.4179,0.546135,0.594706,-0.232036,0.0141331,0.383982,0.507067
20.9392,27.7613,26.3322,0.556858,0.606881,-0.238635,0.00942022,0.380682,0.50471
18.9444,25.2763,-5.81183,0.495811,0.539611,-0.281478,-0.041322,0.359261,0.479339
18.5837,24.4874,-6.40437,0.453832,0.492437,-0.268622,-0.0362788,0.365689,0.481861
17.2297,26.1206,24.8248,0.459428,0.518838,-0.33121,0.0139019,0.334395,0.506951
17.0889,26.0624,59.6777,0.464573,0.525067,-0.340501,0.0058029,0.32975,0.502901
17.0553,26.8113,21.512,0.48242,0.549876,-0.352932,0.0172061,0.323534,0.508603
16.9502,24.4922,-8.23666,0.443097,0.492411,-0.332877,-0.0360387,0.333561,0.481981
17.6805,26.3182,18.8125,0.466397,0.524447,-0.316274,0.0177558,0.341863,0.508878
16.2177,25.5057,-52.7537,0.449403,0.511167,-0.368515,-0.00685562,0.315743,0.496572
16.8675,26.2324,33.8354,0.464849,0.528143,-0.350141,0.0106635,0.32493,0.505332
16.0589,25.6733,-68.2905,0.453685,0.518127,-0.377902,-0.00545388,0.311049,0.497273
16.7989,26.7619,20.8342,0.477657,0.546263,-0.360861,0.0181939,0.319569,0.509097
17.2546,26.7382,41.5623,0.489957,0.556077,-0.349129,0.00860722,0.325436,0.504304
17.0927,27.3151,25.2052,0.504919,0.577705,-0.364807,0.0150714,0.317597,0.507536
16.7172,26.6851,-89.0127,0.497741,0.568305,-0.376157,-0.00417893,0.311922,0.497911
16.7256,26.8977,201.959,0.499813,0.57201,-0.377011,0.00187606,0.311494,0.500938
16.6102,26.5149,-59.7891,0.492314,0.562003,-0.377442,-0.00620904,0.311279,0.496895
16.4593,26.351,-60.1869,0.484626,0.55361,-0.379251,-0.00619824,0.310375,0.496901
16.6874,25.6336,-20.4687,0.468289,0.529156,-0.359918,-0.0167648,0.320041,0.491618
16.6685,27.032,21.369,0.487359,0.559757,-0.372113,0.0182686,0.313944,0.509134
17.424,26.9028,53.1134,0.499805,0.566651,-0.348011,0.00667796,0.325995,0.503339
17.0729,27.422,29.4747,0.511256,0.585552,-0.369325,0.0129703,0.315337,0.506485
17.5106,28.2396,18.1695,0.537598,0.616817,-0.366683,0.0213567,0.316658,0.510678
17.5157,27.612,-545.433,0.536891,0.611374,-0.366073,-0.000669932,0.316963,0.499665
17.0711,27.7576,167.899,0.536141,0.615213,-0.383582,0.00229829,0.308209,0.501149
17.1613,28.0604,59.3062,0.544079,0.625406,-0.384384,0.0065925,0.307808,0.503296
19.4597,30.0996,9.39273,0.605177,0.688375,-0.328205,0.0391059,0.335897,0.519553
17.9081,29.0011,644.671,0.593721,0.680522,-0.382135,0.000593681,0.308932,0.500297
19.8204,30.0358,19.2515,0.629571,0.711155,-0.328241,0.0179843,0.33588,0.508992
18.7927,29.9887,46.1224,0.630899,0.721129,-0.368228,0.00816066,0.315886,0.50408
18.3399,29.9209,132.24,0.63069,0.724323,-0.385253,0.00293549,0.307374,0.501468
18.4414,30.125,79.895,0.637242,0.732209,-0.384853,0.00487804,0.307574,0.502439
18.4213,29.253,-30.0299,0.622684,0.709547,-0.377947,-0.0121801,0.311026,0.49391
18.3558,29.7753,141.118,0.625343,0.717197,-0.381845,0.00272516,0.309078,0.501363
18.3222,29.6071,-258.867,0.623349,0.713972,-0.382067,-0.00147024,0.308967,0.499265
18.1427,29.7912,165.735,0.624673,0.718461,-0.389565,0.0023648,0.305218,0.501182
18.4649,29.0892,-33.822,0.614714,0.699233,-0.372014,-0.0106833,0.313993,0.494658
18.3892,30.0686,34.9192,0.627179,0.721261,-0.381544,0.0112486,0.309228,0.505624
19.0842,30.697,23.9307,0.651668,0.74685,-0.368317,0.0160622,0.315841,0.508031
19.1378,30.4795,84.5056,0.657379,0.750777,-0.369333,0.00442286,0.315333,0.502211
18.7391,29.6298,-30.6275,0.639922,0.728465,-0.375058,-0.0118586,0.312471,0.494071
19.3839,31.1205,20.4894,0.667394,0.764722,-0.365453,0.0187514,0.317273,0.509376
19.1997,30.9432,59.1921,0.673621,0.771659,-0.375513,0.00645299,0.312244,0.503226
19.4329,31.6672,26.3347,0.693556,0.797238,-0.377203,0.0148888,0.311398,0.507444
19.1148,30.9781,-105.879,0.686456,0.78663,-0.385181,-0.0036039,0.307409,0.498198
19.6493,31.3474,90.7837,0.696014,0.795203,-0.370589,0.00412758,0.314705,0.502064
20.1112,31.8889,34.953,0.713046,0.813965,-0.362598,0.0106794,0.318701,0.50534
19.5141,31.8303,88.2717,0.71336,0.819347,-0.384236,0.00440275,0.307882,0.502201
20.0909,31.9719,84.348,0.72382,0.826499,-0.368826,0.00442514,0.315587,0.502213
19.8819,31.6592,-137.325,0.718648,0.820166,-0.373699,-0.00270161,0.31315,0.498649
19.4448,32.2337,52.1371,0.724372,0.835422,-0.392131,0.00766823,0.303935,0.503834
19.4743,32.1209,190.783,0.727208,0.837238,-0.392465,0.00206797,0.303767,0.501034
19.439,32.0916,682.717,0.727621,0.837764,-0.393914,0.000577827,0.303043,0.500289
19.9044,32.9415,29.8271,0.748487,0.863405,-0.38764,0.0134471,0.30618,0.506724
20.078,33.3646,30.689,0.766638,0.88516,-0.390312,0.0131467,0.304844,0.506573
20.9755,32.5307,-57.8147,0.766784,0.869291,-0.359146,-0.00610639,0.320427,0.496947
20.4474,32.6434,-279.726,0.760399,0.868459,-0.374449,-0.00133386,0.312775,0.499333
20.7092,32.0341,-34.8662,0.749886,0.849296,-0.360015,-0.0100377,0.319993,0.494981
22.6425,36.3457,6.68025,0.842984,0.969603,-0.339761,0.0598144,0.33012,0.529907
22.665,36.2396,13.7674,0.880499,1.00878,-0.357086,0.0279685,0.321457,0.513984
23.0117,36.4167,22.8653,0.906128,1.03443,-0.35776,0.016362,0.32112,0.508181
22.0324,35.4793,-76.7996,0.88998,1.01819,-0.382057,-0.00491078,0.308972,0.497545
22.0424,33.7079,-12.1563,0.851929,0.960689,-0.364178,-0.0276809,0.317911,0.48616
22.1673,34.5512,-213.103,0.850835,0.966133,-0.359498,-0.00167909,0.320251,0.49916
22.1589,36.4971,14.9911,0.886802,1.02317,-0.376519,0.0269113,0.31174,0.513456
21.4833,33.571,-12.4515,0.841855,0.954215,-0.378049,-0.0281045,0.310976,0.485948
21.6792,35.9476,20.0989,0.87057,1.00536,-0.384772,0.0201463,0.307614,0.510073
21.8091,33.2375,-11.5964,0.832509,0.937925,-0.362736,-0.0287967,0.318632,0.485602
22.0893,33.5149,-32.4426,0.821222,0.925683,-0.347767,-0.0103989,0.326117,0.494801
22.6911,31.3389,-6.97658,0.775985,0.852374,-0.303496,-0.0380484,0.348252,0.480976
22.8986,29.8873,-5.30824,0.722979,0.782209,-0.266162,-0.0421928,0.366919,0.478904
22.2763,36.1854,5.385,0.812583,0.938892,-0.337064,0.0768676,0.331468,0.538434
22.0077,34.2752,36.2894,0.82321,0.935566,-0.351518,0.00996099,0.324241,0.50498
21.8954,35.427,17.9725,0.850815,0.976993,-0.368537,0.0217137,0.315732,0.510857
21.4255,33.6942,-25.2209,0.827327,0.940375,-0.373168,-0.0142317,0.313416,0.492884
21.5287,32.9899,-19.4231,0.804917,0.908936,-0.358884,-0.0175725,0.320558,0.491214
21.5844,33.6859,228.311,0.807485,0.917465,-0.358235,0.00157597,0.320882,0.500788
21.4508,33.1425,-47.8634,0.796676,0.902253,-0.357507,-0.00731646,0.321246,0.496342
21.942,32.3316,-19.8515,0.78025,0.872736,-0.332158,-0.0159297,0.333921,0.492035
22.0394,30.1152,-6.02634,0.725722,0.794713,-0.299343,-0.0426029,0.350329,0.478699
22.3714,32.6735,16.7553,0.752573,0.842215,-0.302171,0.019179,0.348915,0.50959
20.9236,33.2442,20.5971,0.763015,0.872052,-0.359075,0.0183229,0.320462,0.509161
21.8841,32.2397,-51.1474,0.763485,0.854605,-0.325443,-0.00624083,0.337278,0.49688
20.9869,32.1492,-76.3555,0.749831,0.847635,-0.350157,-0.0045266,0.324921,0.497737
21.2241,34.7865,10.6899,0.799732,0.922622,-0.366781,0.0378518,0.31661,0.518926
21.9397,34.4583,26.4372,0.824442,0.939235,-0.354427,0.0139334,0.322786,0.506967
22.4005,35.038,23.8168,0.849043,0.966417,-0.35085,0.0153768,0.324575,0.507688
22.1681,35.3379,31.5286,0.862901,0.986414,-0.365177,0.0119618,0.317411,0.505981
21.9854,34.7009,-116.163,0.856937,0.975885,-0.368423,-0.00314454,0.315788,0.498428
21.661,32.9416,-12.2419,0.817151,0.920275,-0.360337,-0.0272118,0.319832,0.486394
21.6307,32.5479,-16.7669,0.790958,0.889051,-0.348454,-0.0196125,0.325773,0.490194
21.9179,32.7744,-51.2984,0.785183,0.882171,-0.335539,-0.00641586,0.33223,0.496792
20.924,31.3839,-13.2228,0.744553,0.835882,-0.34968,-0.0245859,0.32516,0.487707
21.3413,34.1383,12.8462,0.786135,0.900943,-0.356067,0.0300575,0.321966,0.515029
20.8879,33.9406,32.4982,0.797508,0.915846,-0.377207,0.0119755,0.311397,0.505988
21.0891,33.7431,123.84,0.803294,0.91832,-0.373112,0.00303739,0.313444,0.501519
21.5075,35.0876,18.5783,0.834908,0.960578,-0.373993,0.0212758,0.313004,0.510638
22.6868,36.3861,13.3094,0.884704,1.01447,-0.358346,0.0291116,0.320827,0.514556
23.3089,36.5898,21.3593,0.9143,1.04179,-0.351955,0.0172872,0.324022,0.508644
23.25,36.5524,45.3364,0.924983,1.05346,-0.358779,0.0080922,0.320611,0.504046
22.8974,35.2345,-24.2559,0.901658,1.01952,-0.359391,-0.01423,0.320305,0.492885
23.0415,36.7234,27.7247,0.921846,1.05391,-0.36402,0.0136211,0.31799,0.506811
22.9661,35.4719,-33.1705,0.906407,1.02615,-0.359364,-0.0105168,0.320318,0.494742
22.6269,35.3296,-49.0957,0.893093,1.01403,-0.364205,-0.00727018,0.317898,0.496365
22.0014,34.9823,-43.0281,0.875401,0.998158,-0.376449,-0.0085502,0.311776,0.495725
22.2276,35.7086,63.3067,0.885718,1.01381,-0.373796,0.00599929,0.313102,0.503
22.8176,32.3587,-6.22692,0.828814,0.916097,-0.326733,-0.0452106,0.336633,0.477395
21.256,32.6743,-18.9438,0.790635,0.893444,-0.361242,-0.018113,0.319379,0.490943
21.9147,32.4749,-26.492,0.780735,0.874786,-0.333362,-0.0121258,0.333319,0.493937
20.7787,32.4673,-57.7275,0.762663,0.866177,-0.363977,-0.00619772,0.318012,0.496901
20.6799,33.1185,55.2548,0.770513,0.881355,-0.371307,0.00684376,0.314347,0.503422
21.619,35.6035,10.1196,0.830702,0.95969,-0.368264,0.0403814,0.315868,0.520191
21.8059,34.0683,-160.162,0.829444,0.942335,-0.361372,-0.00224229,0.319314,0.498879
21.0836,34.5509,66.1409,0.830625,0.955225,-0.386165,0.00592815,0.306918,0.502964
21.2316,33.7336,-40.9249,0.820055,0.934851,-0.376259,-0.00897461,0.31187,0.495513
22.7411,32.602,-13.8725,0.805416,0.894287,-0.317347,-0.0213378,0.341326,0.489331
21.5883,33.5593,96.9361,0.799831,0.908069,-0.354335,0.00369345,0.322832,0.501847
21.5136,33.0979,-68.7556,0.79254,0.896815,-0.353293,-0.00506472,0.323354,0.497468
22.0828,32.8576,-52.8702,0.789618,0.886075,-0.332068,-0.00616423,0.333966,0.496918
21.7267,31.9283,-18.1635,0.763979,0.853866,-0.331277,-0.0172869,0.334361,0.491357
22.5019,34.181,13.6397,0.803728,0.909018,-0.324768,0.0256943,0.337616,0.512847
22.8033,33.9494,35.5197,0.818668,0.919973,-0.322049,0.00932943,0.338976,0.504665
21.6277,34.9122,20.6193,0.832579,0.955249,-0.368865,0.0188011,0.315568,0.509401
21.386,34.5118,107.461,0.835065,0.95663,-0.378129,0.0035518,0.310936,0.501776
21.038,34.2152,-151.3,0.828464,0.950246,-0.386688,-0.00253899,0.306656,0.498731
21.8681,35.5842,21.2064,0.860753,0.98944,-0.374077,0.0185128,0.312962,0.509256
21.416,34.1167,-31.1371,0.840564,0.958574,-0.37969,-0.0118147,0.310155,0.494093
21.5324,33.7747,-32.827,0.827031,0.939744,-0.369432,-0.0109212,0.315284,0.494539
20.9131,33.9204,-114.706,0.816926,0.936345,-0.38552,-0.00333189,0.30724,0.498334
21.2527,35.2619,22.6153,0.843598,0.974131,-0.386512,0.0178814,0.306744,0.508941
21.2276,34.6635,1269.07,0.843769,0.968992,-0.387423,0.000305522,0.306288,0.500153
21.3276,34.9314,97.5373,0.850069,0.977271,-0.386994,0.00400875,0.306503,0.502004
20.9119,34.454,-80.3601,0.839655,0.965777,-0.396003,-0.00486729,0.301998,0.497566
21.1561,34.1978,-61.6075,0.833701,0.954545,-0.385168,-0.0061521,0.307416,0.496924
20.9539,34.8501,62.8745,0.840301,0.969741,-0.394905,0.00638236,0.302547,0.503191
21.129,34.0127,-41.9922,0.82997,0.949089,-0.384343,-0.00893984,0.307828,0.49553
20.8153,31.9234,-9.44211,0.779768,0.879311,-0.371135,-0.0355422,0.314432,0.482229
20.708,33.5244,60.162,0.787038,0.902542,-0.378351,0.00639518,0.310824,0.503198
20.0472,32.6034,-35.6627,0.767286,0.879367,-0.391689,-0.0106836,0.304155,0.494658
19.8442,32.5704,-66.2747,0.757983,0.870977,-0.394299,-0.00586102,0.302851,0.497069
20.4123,33.9181,23.1711,0.785297,0.907089,-0.387665,0.0174851,0.306168,0.508743
20.3202,33.627,91.0406,0.790108,0.910566,-0.39308,0.00436559,0.30346,0.502183
20.2753,32.642,-29.6767,0.773333,0.884031,-0.386686,-0.0126052,0.306657,0.493697
20.1191,32.9953,-405.914,0.770704,0.885865,-0.39083,-0.000960472,0.304585,0.49952
19.905,32.0188,-24.2172,0.74906,0.855884,-0.387896,-0.0153822,0.306052,0.492309
19.955,30.9844,-14.5498,0.719176,0.814239,-0.371347,-0.0238812,0.314327,0.488059
20.1812,32.5304,31.1508,0.736464,0.844159,-0.371967,0.0123369,0.314016,0.506168
19.599,31.4471,-34.6853,0.717917,0.820181,-0.38346,-0.0107456,0.30827,0.494627
19.9599,32.1443,68.3478,0.72797,0.833699,-0.375589,0.00557686,0.312205,0.502788
19.5573,32.1992,108.194,0.729014,0.839093,-0.390403,0.00364203,0.304799,0.501821
19.7202,32.2414,157.346,0.733527,0.842811,-0.386845,0.00247429,0.306577,0.501237
21.0659,34.1033,13.2364,0.782736,0.899626,-0.363919,0.0297408,0.31804,0.51487
20.4497,33.6069,53.6552,0.786662,0.905395,-0.387029,0.00735026,0.306485,0.503675
21.2548,35.1309,15.4863,0.827857,0.955888,-0.379149,0.0261729,0.310425,0.513086
20.698,33.9814,-104.978,0.817815,0.939993,-0.393162,-0.00370984,0.303419,0.498145
21.5999,35.4733,20.1227,0.852306,0.982006,-0.379027,0.0198208,0.310487,0.50991
21.3728,34.8237,677.474,0.850951,0.976759,-0.385905,0.000570465,0.307048,0.500285
21.2753,34.8937,302.355,0.851771,0.97928,-0.389496,0.00129248,0.305252,0.500646
21.5628,35.8159,29.2754,0.872987,1.00791,-0.389657,0.0137808,0.305171,0.50689
21.6971,35.5994,102.63,0.879454,1.01145,-0.388192,0.00381964,0.305904,0.50191
21.9453,36.0378,48.9207,0.892818,1.02746,-0.386139,0.00805788,0.30693,0.504029
23.1002,37.4496,16.6885,0.936284,1.07583,-0.368671,0.0234994,0.315664,0.51175
22.9752,36.2729,-84.1263,0.928956,1.05785,-0.369351,-0.00433886,0.315324,0.497831
23.6754,38.5405,13.8984,0.975802,1.12289,-0.368166,0.0285435,0.315917,0.514272
23.7528,37.6139,193.655,0.979309,1.11665,-0.367306,0.00190655,0.316347,0.500953
23.869,38.6028,27.5947,1.00066,1.14808,-0.373004,0.0140255,0.313498,0.507013
24.4877,38.3791,89.3813,1.01279,1.15218,-0.359359,0.004066,0.320321,0.502033
24.4678,39.1286,32.214,1.02982,1.17811,-0.367324,0.0117679,0.316338,0.505884
23.8659,38.3671,-94.8682,1.01788,1.16415,-0.380429,-0.00396825,0.309785,0.498016
25.0769,37.3906,-21.9699,1.00821,1.13115,-0.339231,-0.0147685,0.330385,0.492616
23.4893,38.0862,215.957,0.994935,1.14086,-0.382164,0.00177786,0.308918,0.500889
23.8004,37.0668,-28.054,0.979682,1.11112,-0.365993,-0.012597,0.317004,0.493702
23.0266,37.215,-87.5715,0.965787,1.10593,-0.383937,-0.00433477,0.308031,0.497833
22.6522,36.3573,-27.0708,0.942435,1.07645,-0.385513,-0.0137336,0.307243,0.493133
23.6987,39.6393,11.2811,1.00497,1.16493,-0.380042,0.0369653,0.309979,0.518483
24.2569,38.2925,423.964,1.01184,1.15277,-0.365989,0.000865294,0.317006,0.500433
23.4726,38.2674,3729.07,1.00412,1.15268,-0.386552,0.000103687,0.306724,0.500052
24.6421,39.5574,22.862,1.04044,1.19192,-0.366608,0.0167692,0.316696,0.508385
24.0246,39.2471,88.8043,1.04068,1.19572,-0.385179,0.00438679,0.30741,0.502193
24.7341,39.9216,35.7155,1.06396,1.21975,-0.373764,0.0107665,0.313118,0.505383
25.0863,39.9209,69.7069,1.07566,1.22835,-0.368231,0.00535945,0.315884,0.50268
24.6606,40.2843,54.0312,1.08219,1.24376,-0.38341,0.00722989,0.308295,0.503615
27.1202,43.3517,9.48053,1.17052,1.34261,-0.348692,0.0411168,0.325654,0.520558
27.8223,42.5067,33.6985,1.19441,1.35106,-0.338681,0.0103577,0.330659,0.505179
27.3667,39.8494,-11.3921,1.14661,1.27762,-0.331624,-0.026761,0.334188,0.486619
26.2365,41.2207,108.54,1.13999,1.29756,-0.361371,0.00336036,0.319314,0.50168
25.6658,40.8158,-113.751,1.12891,1.28792,-0.373225,-0.00325247,0.313388,0.498374
24.8501,40.4084,-57.7483,1.11008,1.2727,-0.389099,-0.00662316,0.30545,0.496688
25.0214,41.0412,87.994,1.11874,1.28665,-0.387617,0.00445567,0.306192,0.502228
24.9602,40.6503,-150.507,1.11414,1.27832,-0.387549,-0.00255796,0.306226,0.498721
24.9686,40.6963,-540.803,1.11312,1.27763,-0.386904,-0.000714104,0.306548,0.499643
25.3265,40.043,-43.313,1.10384,1.25696,-0.37284,-0.00841378,0.31358,0.495793
24.5027,39.2635,-26.5613,1.07388,1.22609,-0.384651,-0.0139562,0.307674,0.493022
24.7469,40.6704,37.2169,1.09249,1.2578,-0.385054,0.0106319,0.307473,0.505316
25.2256,41.6249,23.5292,1.12349,1.29555,-0.383658,0.0170294,0.308171,0.508515
25.8197,41.8432,34.8211,1.147,1.31626,-0.37608,0.0111197,0.31196,0.50556
26.6995,42.8429,21.9243,1.18378,1.35608,-0.365908,0.0174872,0.317046,0.508744
25.5997,41.8055,-107.838,1.16635,1.33895,-0.389842,-0.00358186,0.305079,0.498209
25.4412,42.3509,85.3812,1.1721,1.3527,-0.396454,0.00469837,0.301773,0.502349
25.5975,41.4835,-47.6543,1.16108,1.32994,-0.387867,-0.0079719,0.306067,0.496014
25.7701,42.3345,63.8136,1.17267,1.34938,-0.387519,0.00616935,0.30624,0.503085
25.5476,41.7105,-88.9143,1.1634,1.33538,-0.39016,-0.00433924,0.30492,0.49783
26.2961,39.6425,-12.0307,1.12802,1.26767,-0.354727,-0.0272225,0.322636,0.486389
24.9139,40.4903,-119.312,1.10859,1.27125,-0.386672,-0.00321391,0.306664,0.498393
25.307,39.1917,-19.6047,1.08525,1.22861,-0.365738,-0.0177502,0.317131,0.491125
24.6358,39.612,-104.23,1.07283,1.2271,-0.38032,-0.00361419,0.30984,0.498193
25.3591,41.8816,15.3439,1.12022,1.29325,-0.378526,0.0263894,0.310737,0.513195
24.8428,40.3562,-69.36,1.10629,1.26819,-0.387805,-0.00551173,0.306097,0.497244
25.379,42.3531,18.9424,1.14515,1.32464,-0.387824,0.021615,0.306088,0.510807
25.4984,40.241,-24.4289,1.12319,1.27767,-0.375719,-0.0147753,0.31214,0.492612
25.6056,42.4664,20.5911,1.15476,1.33355,-0.385185,0.0196612,0.307407,0.509831
25.0208,41.7005,629.974,1.14956,1.32649,-0.399606,0.000635331,0.300197,0.500318
25.9247,42.1703,65.2783,1.16851,1.34145,-0.381588,0.0059365,0.309206,0.502968
25.6431,40.4216,-19.888,1.13686,1.29247,-0.37706,-0.0180515,0.31147,0.490974
25.933,42.5655,23.5492,1.16624,1.34315,-0.38047,0.0168729,0.309765,0.508436
26.1017,42.3236,69.6808,1.17681,1.34991,-0.379873,0.00553099,0.310064,0.502765
25.5587,41.9031,-174.389,1.16746,1.34164,-0.391412,-0.00223168,0.304294,0.498884
26.1854,42.717,45.7191,1.18771,1.36476,-0.381769,0.00853705,0.309115,0.504269
25.8034,41.8436,-62.8772,1.17392,1.3451,-0.387073,-0.00605964,0.306463,0.49697
25.7846,42.8428,45.6476,1.1877,1.37068,-0.392861,0.00879916,0.303569,0.5044
25.5819,42.1391,-100.513,1.1793,1.3565,-0.395282,-0.00389391,0.302359,0.498053
25.5565,42.5157,159.837,1.18301,1.36478,-0.397389,0.00250186,0.301306,0.501251
26.3009,42.7038,111.311,1.19654,1.3727,-0.381975,0.00346271,0.309012,0.501731
25.8281,42.1921,-90.0168,1.18458,1.35988,-0.390472,-0.00429011,0.304764,0.497855
26.08,42.3924,1761.4,1.18762,1.3624,-0.38466,0.000218507,0.30767,0.500109
25.7962,42.619,142.476,1.18903,1.36956,-0.393043,0.00277816,0.303478,0.501389
26.0097,42.3317,-193.158,1.18812,1.36308,-0.386799,-0.00199219,0.306601,0.499004
26.126,42.8406,78.5711,1.19736,1.37704,-0.387115,0.00499045,0.306443,0.502495
25.8321,43.1561,65.3983,1.20412,1.39101,-0.397731,0.0061761,0.301135,0.503088
25.9332,43.1456,135.124,1.20999,1.39599,-0.397156,0.00296112,0.301422,0.501481
25.7144,42.6064,-82.2421,1.19986,1.3819,-0.399361,-0.00479758,0.30032,0.497601
25.8385,43.0981,120.394,1.20658,1.39293,-0.398472,0.00333745,0.300764,0.501669
25.7986,43.164,165.746,1.21008,1.39784,-0.400857,0.00243319,0.299571,0.501217
25.7837,43.0116,-723.805,1.20902,1.39524,-0.400872,-0.000553076,0.299564,0.499723
25.6542,42.6051,-79.0011,1.19951,1.3822,-0.400878,-0.0050109,0.299561,0.497495
25.5893,42.5292,-116.8,1.19333,1.37555,-0.400356,-0.00339862,0.299822,0.498301
26.9725,44.5492,18.5493,1.24324,1.43463,-0.381388,0.0217324,0.309306,0.510866
26.5757,44.0579,76.4276,1.24748,1.43839,-0.393654,0.00521896,0.303173,0.502609
26.5771,44.5492,49.7208,1.26096,1.4581,-0.398542,0.00818012,0.300729,0.50409
26.736,44.1163,-486.922,1.26136,1.45193,-0.394455,-0.000808438,0.302773,0.499596
26.9639,44.7867,55.9654,1.27574,1.47192,-0.393636,0.00716152,0.303182,0.503581
28.0827,46.1588,21.1857,1.31956,1.52051,-0.38015,0.0188326,0.309925,0.509416
28.0159,45.0915,-159.722,1.31479,1.50439,-0.380158,-0.00236531,0.309921,0.498817
27.6109,45.937,49.4253,1.32408,1.52843,-0.394049,0.00813725,0.302975,0.504069
27.6805,45.9002,108.901,1.33109,1.53464,-0.394736,0.00365832,0.302632,0.501829
27.952,46.4768,49.6065,1.348,1.55582,-0.39371,0.00809994,0.303145,0.50405
31.2209,44.0549,-12.674,1.3454,1.48768,-0.307241,-0.022469,0.34638,0.488766
29.885,44.5898,-61.7361,1.32153,1.48409,-0.33334,-0.00531337,0.33333,0.497343
28.3798,43.213,-18.5381,1.27413,1.43649,-0.355198,-0.0181797,0.322401,0.49091
27.8149,42.4502,-18.8996,1.23815,1.39673,-0.356503,-0.0179151,0.321749,0.491042
28.1346,46.1103,12.2602,1.29525,1.49354,-0.369803,0.0328416,0.315099,0.516421
28.4157,45.6954,32.6837,1.31803,1.50983,-0.37087,0.0117054,0.314565,0.505853
28.4691,45.8173,53.1404,1.33081,1.52409,-0.37418,0.00717639,0.31291,0.503588
27.4393,45.3217,-211.587,1.31617,1.51521,-0.395693,-0.00186132,0.302154,0.499069
28.1527,43.5443,-16.7091,1.28872,1.45814,-0.366865,-0.0207162,0.316568,0.489642
27.4897,45.3216,41.4618,1.29743,1.49471,-0.387642,0.00958046,0.306179,0.50479
28.198,46.415,23.7159,1.33365,1.53697,-0.382259,0.0168278,0.308871,0.508414
27.4422,45.4593,-192.202,1.3217,1.52257,-0.397576,-0.00205782,0.301212,0.498971
27.9418,45.3205,-149.657,1.32291,1.5164,-0.385038,-0.00255573,0.307481,0.498722
27.8431,46.2498,45.0662,1.33697,1.54286,-0.392621,0.00890982,0.303689,0.504455
29.041,47.276,25.2277,1.37709,1.58267,-0.376177,0.0155267,0.311912,0.507763
28.847,47.4358,41.9255,1.39134,1.60189,-0.386136,0.0094351,0.306932,0.504718
29.5809,47.7789,46.0865,1.41431,1.62129,-0.375719,0.0083333,0.312141,0.504167
30.8543,46.431,-32.8568,1.41079,1.58706,-0.342197,-0.0101072,0.328901,0.494946
28.9014,47.5183,60.5228,1.40011,1.61147,-0.387822,0.00651552,0.306089,0.503258
28.8232,47.8293,61.2571,1.41073,1.62721,-0.393438,0.00652932,0.303281,0.503265
28.7834,47.7096,198.289,1.41383,1.62961,-0.395487,0.00200461,0.302256,0.501002
29.9887,48.4727,42.8707,1.44355,1.6552,-0.375774,0.00897465,0.312113,0.504487
29.8097,46.772,-26.9029,1.41761,1.61057,-0.371136,-0.013301,0.314432,0.493349
30.1591,45.3767,-15.1892,1.38312,1.55436,-0.34972,-0.021602,0.32514,0.489199
29.1735,43.2705,-9.23137,1.31251,1.4683,-0.348771,-0.0340884,0.325615,0.482956
28.9397,45.8649,31.5299,1.32993,1.51814,-0.36155,0.0118425,0.319225,0.505921
28.3745,45.3969,494.477,1.32494,1.51431,-0.374494,0.000758889,0.312753,0.500379
28.2478,46.7703,26.114,1.34973,1.55743,-0.386731,0.015399,0.306634,0.507699
28.7656,47.4069,27.5028,1.38057,1.59113,-0.384418,0.0145048,0.307791,0.507252
28.7025,45.7029,-33.3167,1.36054,1.55149,-0.378911,-0.0110416,0.310545,0.494479
29.5573,46.9596,46.4375,1.3841,1.58036,-0.365519,0.00804442,0.317241,0.504022
29.7995,48.5743,18.6796,1.42373,1.63768,-0.373555,0.0211292,0.313222,0.510565
29.6266,47.6857,309.862,1.42394,1.62985,-0.377951,0.00122369,0.311024,0.500612
29.6468,46.4076,-27.6602,1.40119,1.59109,-0.369399,-0.0128889,0.315301,0.493556
28.7547,47.1195,346.64,1.39306,1.60124,-0.389063,0.00112563,0.305468,0.500563
28.9801,46.2,-39.9312,1.37932,1.57362,-0.378525,-0.00924783,0.310738,0.495376
28.7277,45.1092,-21.7059,1.34771,1.531,-0.373632,-0.0164553,0.313184,0.491772
28.9803,47.2823,25.6104,1.37695,1.58332,-0.377673,0.0153461,0.311163,0.507673
28.9562,46.984,86.4086,1.38445,1.58819,-0.380951,0.00446034,0.309524,0.50223
29.3549,44.649,-14.554,1.34856,1.51936,-0.357658,-0.0229947,0.321171,0.488503
29.1517,41.7108,-6.44398,1.26918,1.40603,-0.332299,-0.04464,0.33385,0.47768
28.2367,44.8935,26.8169,1.28236,1.46527,-0.362206,0.0140298,0.318897,0.507015
28.1692,43.2281,-29.0155,1.26177,1.42605,-0.356089,-0.0118635,0.321956,0.494068
27.6422,46.0604,15.7215,1.29902,1.50278,-0.384209,0.0260985,0.307896,0.513049
27.4465,45.393,70.9975,1.30628,1.50542,-0.391973,0.00559981,0.304014,0.5028
27.4858,44.6099,-64.7775,1.29674,1.48615,-0.387493,-0.00589097,0.306253,0.497055
28.0888,46.4167,23.5663,1.33214,1.53667,-0.384543,0.0170406,0.307728,0.50852
28.8585,47.394,20.9262,1.37335,1.58221,-0.379497,0.0190451,0.310252,0.509523
28.0992,46.2176,-124.892,1.35935,1.56319,-0.393926,-0.00312908,0.303037,0.498435
28.3485,46.5004,263.471,1.36473,1.5691,-0.389455,0.0014838,0.305273,0.500742
28.0593,45.817,-57.9927,1.34994,1.5492,-0.391645,-0.00663888,0.304177,0.496681
27.8018,46.0914,-1152.35,1.34646,1.55165,-0.397019,-0.00034423,0.301491,0.499828
28.1142,45.0681,-32.815,1.33039,1.51947,-0.383255,-0.0113339,0.308372,0.494333
28.0503,44.6974,-37.7069,1.31293,1.49765,-0.378577,-0.00978061,0.310711,0.49511
27.91,44.5324,-54.9981,1.29994,1.48372,-0.37749,-0.00674112,0.311255,0.496629
27.4816,44.61,-152.698,1.29098,1.4801,-0.385505,-0.0025082,0.307247,0.498746
27.3758,44.7328,3279.45,1.29001,1.48167,-0.387942,0.000118331,0.306029,0.500059
27.1449,43.9319,-42.3947,1.27246,1.45692,-0.387635,-0.00893277,0.306183,0.495534
26.8764,43.2079,-29.3505,1.24832,1.42652,-0.385882,-0.0127142,0.307059,0.493643
27.1339,44.1887,80.1815,1.2591,1.44569,-0.382984,0.00483679,0.308508,0.502418
27.1195,44.9685,35.7688,1.2775,1.47397,-0.390155,0.0112214,0.304923,0.505611
26.6162,43.4933,-34.7687,1.25354,1.43819,-0.394793,-0.0110374,0.302603,0.494481
26.8405,42.6761,-24.4978,1.23128,1.40309,-0.38045,-0.0149209,0.309775,0.49254
27.8253,44.4918,28.3166,1.26392,1.44609,-0.366212,0.0134062,0.316894,0.506703
27.5604,45.5079,22.1707,1.29096,1.48906,-0.383415,0.0181106,0.308293,0.509055
29.0366,45.9104,27.6588,1.32996,1.51754,-0.35902,0.0134672,0.32049,0.506734
29.9833,47.5204,15.6121,1.38184,1.57922,-0.353769,0.0242107,0.323116,0.512105
28.138,47.0103,61.3485,1.37249,1.5856,-0.397507,0.00658686,0.301246,0.503293
28.2219,46.0199,-52.3257,1.36063,1.56086,-0.391245,-0.00733688,0.304378,0.496332
28.3087,46.2886,-503.702,1.36027,1.56247,-0.388901,-0.000770556,0.30555,0.499615
28.0193,45.4291,-39.0838,1.34018,1.535,-0.389219,-0.00971013,0.30539,0.495145
30.4999,46.7732,36.0406,1.38481,1.56782,-0.341563,0.00974766,0.329218,0.504874
28.389,45.3086,-33.5874,1.34199,1.53118,-0.380319,-0.0109959,0.30984,0.494502
27.9432,46.3217,71.9531,1.34651,1.55261,-0.393414,0.00554471,0.303293,0.502772
28.3934,46.4296,99.1212,1.35835,1.56101,-0.386056,0.00393448,0.306972,0.501967
27.9034,45.5044,-47.5608,1.33889,1.53584,-0.391744,-0.00806708,0.304128,0.495966
27.6889,45.8507,-1525.95,1.33604,1.53924,-0.396263,-0.000259512,0.301869,0.49987
27.5527,46.1116,148.832,1.33917,1.5471,-0.400858,0.00271158,0.299571,0.501356
27.9358,46.4778,75.3569,1.35262,1.56092,-0.395743,0.00532221,0.302128,0.502661
27.9647,45.6462,-60.587,1.34195,1.53994,-0.391251,-0.00635283,0.304374,0.496824
27.8628,45.7635,-205.394,1.33754,1.53779,-0.392314,-0.0019008,0.303843,0.49905
27.3565,44.2586,-21.4226,1.30181,1.48915,-0.39272,-0.0175145,0.30364,0.491243
27.2946,43.1627,-17.0184,1.26534,1.43921,-0.381007,-0.0211454,0.309497,0.489427
27.5703,44.8497,45.6007,1.28251,1.47271,-0.380037,0.00852088,0.309982,0.50426
27.3389,45.4632,36.3252,1.29849,1.49918,-0.391986,0.0110965,0.304007,0.505548
27.1439,45.1391,205.686,1.29961,1.49907,-0.397493,0.00194196,0.301254,0.500971
26.9707,43.6576,-24.1297,1.27134,1.45475,-0.391855,-0.0155933,0.304072,0.492203
27.0894,44.1324,-157.482,1.26857,1.45564,-0.387679,-0.00244621,0.30616,0.498777
26.68,43.6578,-58.4542,1.25309,1.43877,-0.392922,-0.00660882,0.303539,0.496696
26.9158,45.1711,29.6528,1.27848,1.47964,-0.395904,0.0138173,0.302048,0.506909
26.6017,44.0858,-74.6401,1.26619,1.4583,-0.39978,-0.0052853,0.30011,0.497357
26.7466,44.9599,56.7162,1.27974,1.48064,-0.400823,0.007194,0.299589,0.503597
28.3758,47.4385,13.4138,1.34953,1.56318,-0.383367,0.0308823,0.308316,0.515441
28.7885,45.4055,-54.5026,1.34263,1.52822,-0.370198,-0.00666992,0.314901,0.496665
27.8877,45.8667,229.942,1.33549,1.53648,-0.390946,0.00170762,0.304527,0.500854
27.5548,45.0874,-50.2068,1.3186,1.51381,-0.393554,-0.00768558,0.303223,0.496157
27.7513,44.019,-23.1345,1.29396,1.47357,-0.379475,-0.0157233,0.310263,0.492138
27.5526,43.1487,-20.0026,1.26189,1.43241,-0.372784,-0.0177494,0.313608,0.491125
26.7165,43.9813,652.07,1.25374,1.44257,-0.392183,0.000602367,0.303908,0.500301
26.4653,43.7566,-174.658,1.24726,1.43615,-0.396536,-0.00225743,0.301732,0.498871
26.6184,42.389,-21.6905,1.22109,1.39173,-0.382635,-0.0168632,0.308683,0.491568
26.2613,43.3015,183.609,1.22071,1.40532,-0.392222,0.00214788,0.303889,0.501074
26.7449,44.7677,22.9171,1.25504,1.45224,-0.391904,0.0178812,0.304048,0.508941
26.5571,42.4886,-21.5322,1.22466,1.3973,-0.385659,-0.0171159,0.307171,0.491442
26.8914,42.8089,-76.0401,1.22034,1.39236,-0.374884,-0.00486609,0.312558,0.497567
26.8356,41.7314,-23.3295,1.19522,1.35479,-0.366634,-0.0150695,0.316683,0.492465
26.4971,41.0729,-22.6518,1.16683,1.32154,-0.364827,-0.0154249,0.317586,0.492288
26.776,44.3988,12.9377,1.2198,1.41028,-0.377832,0.0316504,0.311084,0.515825
26.1314,42.3279,-45.89,1.19941,1.37365,-0.387747,-0.00826929,0.306126,0.495865
27.5211,44.9921,14.9212,1.2575,1.44827,-0.371968,0.0267196,0.314016,0.51336
26.6714,42.5395,-24.9457,1.22391,1.39574,-0.382257,-0.014733,0.308871,0.492634
26.7001,44.6943,23.4942,1.25257,1.44931,-0.39219,0.0174352,0.303905,0.508718
26.8152,44.7845,41.776,1.26983,1.46735,-0.395433,0.00969769,0.302284,0.504849
26.9673,44.0322,-106.114,1.26544,1.45264,-0.389783,-0.00363896,0.305108,0.498181
26.9789,44.6253,81.4333,1.27367,1.46776,-0.392485,0.00487964,0.303757,0.50244
28.0682,46.4397,17.8911,1.32342,1.52791,-0.381933,0.0226115,0.309034,0.511306
28.2006,47.0601,22.6962,1.35549,1.56736,-0.389983,0.0179747,0.305009,0.508987
28.8373,46.8476,58.0399,1.3742,1.57721,-0.38034,0.00666797,0.30983,0.503334
29.0921,47.9878,25.8551,1.40401,1.61864,-0.384386,0.0154651,0.307807,0.507733
29.7319,47.9235,54.4006,1.42371,1.63105,-0.375238,0.00702685,0.312381,0.503513
29.0083,46.0903,-22.9772,1.38722,1.58039,-0.380611,-0.0158739,0.309694,0.492063
29.04,46.7675,-536.327,1.38634,1.58674,-0.379496,-0.000706266,0.310252,0.499647
29.1245,47.9372,32.9046,1.40843,1.62236,-0.385111,0.0120707,0.307445,0.506035
29.2991,47.2993,-544.622,1.40918,1.6138,-0.380992,-0.000698272,0.309504,0.499651
30.1741,49.2432,19.764,1.45453,1.67339,-0.374997,0.0199849,0.312501,0.509992
31.3012,50.6566,16.0839,1.51141,1.73608,-0.367053,0.0243341,0.316473,0.512167
32.5301,50.2635,43.5923,1.54077,1.74738,-0.347527,0.0081594,0.326236,0.50408
33.8667,52.5514,13.6878,1.60613,1.8264,-0.338364,0.0266684,0.330818,0.513334
32.2782,51.2896,368.075,1.58932,1.81354,-0.370034,0.00100806,0.314983,0.500504
32.7212,52.8405,24.9169,1.6241,1.86298,-0.371145,0.0155181,0.314427,0.507759
33.5085,53.4179,28.5626,1.65902,1.89673,-0.364416,0.0132214,0.317792,0.506611
33.378,54.0281,31.4025,1.68154,1.92936,-0.374598,0.0123213,0.312701,0.506161
33.3103,50.546,-12.3724,1.62761,1.83209,-0.358666,-0.0268214,0.320667,0.486589
32.9579,51.7355,-184.691,1.61964,1.84223,-0.364204,-0.00196134,0.317898,0.499019
33.0045,51.4832,-104.592,1.6136,1.83232,-0.36112,-0.00341996,0.31944,0.49829
33.5101,53.3322,23.5185,1.65044,1.88667,-0.361583,0.0160572,0.319208,0.508029
32.9293,50.4355,-17.2183,1.60498,1.81183,-0.360002,-0.0197605,0.319999,0.49012
33.6693,52.4252,38.3736,1.63177,1.85428,-0.35172,0.00941093,0.32414,0.504705
32.7584,47.9924,-7.88074,1.546,1.72361,-0.343855,-0.0387192,0.328072,0.48064
33.4329,48.9382,-31.567,1.53525,1.7152,-0.323624,-0.00993717,0.338188,0.495031
31.1868,44.1764,-5.08858,1.40792,1.55464,-0.332605,-0.0546277,0.333697,0.472686
32.9959,52.3949,6.65748,1.53212,1.75735,-0.33316,0.0588885,0.33342,0.529444
31.5113,46.788,-11.5066,1.46377,1.63882,-0.345091,-0.0275928,0.327454,0.486204
31.9903,50.8007,13.8235,1.51891,1.73722,-0.352945,0.0275234,0.323527,0.513762
31.422,50.3143,43.0258,1.52855,1.7487,-0.369987,0.00880381,0.315007,0.504402
31.5957,51.5884,23.1444,1.5622,1.79695,-0.377113,0.0170297,0.311443,0.508515
31.5702,49.9522,-47.7861,1.54748,1.76258,-0.372821,-0.00764196,0.313589,0.496179
31.2482,50.3263,-3605.45,1.54351,1.76675,-0.379153,-0.000105132,0.310424,0.499947
31.6823,46.5961,-8.14178,1.47745,1.64887,-0.345784,-0.0378246,0.327108,0.481088
30.4718,45.8129,-11.8983,1.41387,1.58784,-0.35307,-0.0273734,0.323465,0.486313
29.6739,47.2108,322.936,1.40685,1.60584,-0.370735,0.00115158,0.314633,0.500576
31.6286,51.8062,8.47964,1.51422,1.74837,-0.360091,0.0481428,0.319955,0.524071
31.7513,50.1117,53.4217,1.52839,1.74213,-0.362014,0.0069058,0.318993,0.503453
32.319,49.1193,-51.9608,1.52282,1.71781,-0.346334,-0.00653944,0.326833,0.49673
32.4269,52.0859,14.6832,1.5728,1.80367,-0.361008,0.0263833,0.319496,0.513192
31.8436,52.4519,23.978,1.59735,1.84114,-0.382786,0.0166588,0.308607,0.508329
31.9149,51.5977,7438.33,1.5983,1.83114,-0.381435,5.12866e-05,0.309282,0.500026
32.0396,50.2388,-27.0166,1.5744,1.78845,-0.370691,-0.0132311,0.314655,0.493384
30.7263,49.9119,-38.5431,1.54031,1.76496,-0.390469,-0.00987451,0.304765,0.495063
30.688,48.5797,-19.7365,1.50552,1.71326,-0.379868,-0.0183188,0.310066,0.490841
31.5011,51.0032,25.5187,1.54302,1.77103,-0.372976,0.0152119,0.313512,0.507606
31.0502,51.3537,36.2276,1.55835,1.79689,-0.388694,0.0110338,0.305653,0.505517
31.3788,50.8489,700.36,1.56324,1.79205,-0.382564,0.00054702,0.308718,0.500274
31.6061,49.0742,-20.1749,1.53311,1.73679,-0.367119,-0.0173375,0.316441,0.491331
31.3294,50.5931,58.807,1.542,1.76728,-0.376722,0.0065169,0.311639,0.503258
31.5949,51.5114,31.7758,1.56814,1.80232,-0.379087,0.0123177,0.310456,0.506159
32.4722,52.1305,31.3684,1.60149,1.83387,-0.369519,0.0121679,0.31524,0.506084
32.1802,52.4768,41.5263,1.61601,1.85691,-0.381008,0.0094015,0.309496,0.504701
34.159,54.0022,19.5178,1.67662,1.91404,-0.355315,0.0191877,0.322343,0.509594
35.5877,55.9714,13.4688,1.74848,1.99512,-0.346511,0.0277903,0.326744,0.513895
35.5417,54.9406,80.2118,1.75686,1.992,-0.350229,0.00442142,0.324886,0.502211
34.7558,54.3527,-113.434,1.74092,1.97815,-0.362577,-0.00316844,0.318712,0.498416
35.2287,51.8291,-12.4708,1.69592,1.89481,-0.33731,-0.02504,0.331345,0.48748
33.8039,53.8184,60.6277,1.69102,1.93143,-0.368014,0.00617186,0.315993,0.503086
34.9057,53.1897,-122.647,1.69869,1.91806,-0.345585,-0.00279493,0.327208,0.498603
33.791,52.3092,-36.1495,1.66613,1.8874,-0.36028,-0.00969812,0.31986,0.495151
32.5309,52.2278,-66.5446,1.64004,1.87485,-0.380644,-0.00563545,0.309678,0.497182
33.1427,50.8336,-21.1063,1.61568,1.82509,-0.358591,-0.0162212,0.320704,0.491889
31.8519,49.2533,-14.5645,1.55492,1.75874,-0.368621,-0.0236834,0.31569,0.488158
31.7877,48.6856,-19.3477,1.52101,1.71734,-0.358588,-0.017623,0.320706,0.491189
33.3849,49.0049,-56.5392,1.52913,1.71015,-0.322562,-0.00560596,0.338719,0.497197
32.5445,50.8144,23.6517,1.54786,1.76108,-0.349656,0.0154362,0.325172,0.507718
32.4518,49.8093,-149.439,1.54243,1.74479,-0.349996,-0.00232649,0.325002,0.498837
30.8083,47.9426,-17.4589,1.48594,1.68384,-0.370283,-0.0200599,0.314858,0.48997
31.9307,54.0833,8.37754,1.59269,1.85441,-0.379251,0.0514061,0.310375,0.525703
33.7221,54.5214,13.302,1.67036,1.91917,-0.363228,0.029526,0.318386,0.514763
33.9957,53.4617,77.074,1.68296,1.91628,-0.361092,0.00474659,0.319454,0.502373
33.5166,54.873,25.4744,1.70778,1.96538,-0.37972,0.015515,0.31014,0.507757
35.4766,57.6849,11.9726,1.79793,2.0693,-0.364561,0.0332248,0.31772,0.516612
35.7883,55.2993,-73.7237,1.7919,2.02987,-0.355908,-0.00476298,0.322046,0.497619
36.8131,56.161,64.6518,1.81543,2.0519,-0.340997,0.00535722,0.329502,0.502679
35.3494,49.7867,-4.89387,1.68159,1.85399,-0.329702,-0.0559398,0.335149,0.47203
33.0809,51.8646,-43.2537,1.63825,1.86176,-0.367465,-0.00830361,0.316267,0.495848
33.1991,51.6553,-57.5289,1.62766,1.84669,-0.361262,-0.00617237,0.319369,0.496914
33.6913,55.4455,12.3415,1.69687,1.95856,-0.372401,0.0328353,0.3138,0.516418
32.5955,51.5869,-18.3046,1.64454,1.87112,-0.380602,-0.0197156,0.309699,0.490142
33.05,53.3759,53.9051,1.66384,1.90706,-0.376401,0.00711465,0.311799,0.503557
33.5885,54.0865,37.4991,1.69034,1.93666,-0.372645,0.0102097,0.313678,0.505105
32.5808,53.6087,610.974,1.6795,1.93225,-0.391858,0.000642418,0.304071,0.500321
32.8987,53.5293,-917.709,1.68249,1.93042,-0.385666,-0.000419791,0.307167,0.49979
33.0976,51.3859,-17.064,1.64435,1.86224,-0.369062,-0.0204308,0.315469,0.489785
31.9993,52.696,173.43,1.63566,1.88249,-0.391379,0.00226979,0.30431,0.501135
33.1543,54.085,27.5596,1.67719,1.92829,-0.378266,0.0142422,0.310867,0.507121
32.0804,52.5793,-55.1379,1.65048,1.89567,-0.39415,-0.0070211,0.302925,0.496489
31.9049,52.8163,-310.322,1.64589,1.89589,-0.396696,-0.00127423,0.301652,0.499363
33.1433,54.6175,24.5724,1.69252,1.95097,-0.383308,0.0162609,0.308346,0.50813
33.0909,50.8853,-12.6235,1.63822,1.84995,-0.367225,-0.0269552,0.316388,0.486522
33.0504,49.667,-12.8111,1.58821,1.78373,-0.351496,-0.0254503,0.324252,0.487275
32.6255,50.8053,-229.377,1.58026,1.79402,-0.358834,-0.00155759,0.320583,0.499221
31.0874,49.4763,-26.2986,1.53583,1.7507,-0.380427,-0.0139358,0.309786,0.493032
31.8667,52.7396,16.0804,1.59203,1.83864,-0.380527,0.0252333,0.309736,0.512617
31.0586,50.373,-36.338,1.56257,1.78972,-0.389865,-0.0104415,0.305067,0.494779
31.1918,48.9757,-18.6201,1.52794,1.73528,-0.3753,-0.0191283,0.31235,0.490436
30.3988,49.2794,-58.1591,1.50654,1.72601,-0.38717,-0.00654456,0.306415,0.496728
30.3376,48.0474,-22.9364,1.47661,1.68095,-0.378576,-0.0158159,0.310712,0.492092
30.7197,50.8241,19.858,1.518,1.75214,-0.383283,0.0203247,0.308358,0.510162
30.0186,47.3246,-14.097,1.46296,1.66213,-0.381725,-0.0252849,0.309138,0.487358
28.8923,47.6516,-41.8505,1.43317,1.64809,-0.399326,-0.00931906,0.300337,0.49534
30.3633,51.4778,12.2926,1.51193,1.75772,-0.389806,0.0345188,0.305097,0.517259
30.2565,48.9905,-48.8735,1.49632,1.71362,-0.387195,-0.00776353,0.306403,0.496118
31.2299,51.7839,16.8558,1.55196,1.79296,-0.382376,0.0241158,0.308812,0.512058
31.5476,52.0919,26.7005,1.58384,1.82632,-0.385307,0.0149922,0.307346,0.507496
31.6442,51.7919,85.6485,1.59367,1.83194,-0.386225,0.00456269,0.306888,0.502281
31.7955,52.4362,46.7379,1.61169,1.85669,-0.388485,0.00849373,0.305758,0.504247
31.2279,51.451,-74.5936,1.59487,1.83436,-0.396236,-0.00524166,0.301882,0.497379
31.2087,51.2311,-81.7568,1.58553,1.82216,-0.393724,-0.0047576,0.303138,0.497621
31.6985,51.8922,96.8313,1.59902,1.83809,-0.386683,0.00403504,0.306659,0.502018
31.544,52.4699,53.0345,1.61169,1.86024,-0.394263,0.00757695,0.302869,0.503788
31.4007,51.6054,-86.1872,1.60128,1.84079,-0.394274,-0.00452216,0.302863,0.497739
31.3218,51.0412,-49.5756,1.58549,1.81847,-0.391089,-0.00773276,0.304456,0.496134
31.0139,49.1835,-16.2937,1.53954,1.75209,-0.383404,-0.0221702,0.308298,0.488915
30.1538,49.9684,-120.211,1.52335,1.75479,-0.398527,-0.00328787,0.300737,0.498356
31.1761,50.6851,70.5083,1.54553,1.77396,-0.381529,0.00548898,0.309235,0.502744
30.337,50.7237,129.088,1.54154,1.78058,-0.400049,0.00312323,0.299976,0.501562
31.903,54.2667,11.8759,1.62737,1.89366,-0.390974,0.0359488,0.304513,0.517974
31.5985,52.5159,315.813,1.62619,1.87539,-0.397546,0.0012628,0.301227,0.500631
31.5314,53.0069,76.8911,1.63566,1.89208,-0.401995,0.005297,0.299002,0.502649
32.1625,53.9999,34.1225,1.66656,1.92861,-0.397254,0.0119935,0.301373,0.505997
32.3632,54.21,51.1978,1.6846,1.94761,-0.398267,0.00793395,0.300866,0.503967
31.9062,52.759,-40.9105,1.66012,1.91017,-0.401032,-0.00956879,0.299484,0.495216
32.0855,53.9269,66.1618,1.67438,1.93695,-0.401355,0.00615936,0.299323,0.50308
31.9695,53.565,-1360.67,1.6724,1.93198,-0.403342,-0.000296212,0.298329,0.499852
32.9717,55.242,26.6106,1.71488,1.98424,-0.39396,0.0153827,0.30302,0.507691
32.9084,54.9915,75.1246,1.72489,1.99256,-0.398357,0.00537415,0.300822,0.502687
33.3432,55.9187,36.7686,1.75253,2.02738,-0.397099,0.0111019,0.30145,0.505551
33.9795,56.4671,38.4937,1.78158,2.05647,-0.391951,0.0104538,0.304024,0.505227
34.3699,55.7057,-241.085,1.78308,2.04373,-0.383987,-0.00158617,0.308006,0.499207
33.7006,56.1945,112.198,1.78226,2.05743,-0.398139,0.00358046,0.300931,0.50179
33.4734,55.8116,-245.105,1.77612,2.04922,-0.40122,-0.00163028,0.29939,0.499185
33.361,55.5963,-145.286,1.76911,2.04066,-0.401588,-0.00274523,0.299206,0.498627
33.2979,55.332,-105.808,1.76065,2.02935,-0.400472,-0.00374945,0.299764,0.498125
33.7457,56.8417,35.2893,1.78991,2.07283,-0.399405,0.0116481,0.300297,0.505824
34.2759,57.3601,39.1593,1.81786,2.10175,-0.396239,0.0103838,0.301881,0.505192
34.0649,56.4113,-124.593,1.80866,2.08314,-0.398048,-0.00316935,0.300976,0.498415
34.3846,54.6365,-20.9116,1.77629,2.02337,-0.381627,-0.0174167,0.309187,0.491292
34.2816,57.5022,24.2754,1.80967,2.0948,-0.393736,0.0169164,0.303132,0.508458
35.2086,54.7087,-21.407,1.78688,2.02481,-0.366975,-0.0163777,0.316513,0.491811
39.3179,62.7821,6.35942,1.96585,2.25872,-0.334637,0.0624391,0.332681,0.53122
35.8012,58.5566,-85.1156,1.91211,2.19567,-0.391384,-0.00454486,0.304308,0.497728
35.8614,59.5272,67.1019,1.92572,2.22125,-0.393972,0.00596006,0.303014,0.50298
36.8563,60.7003,31.0558,1.96595,2.26505,-0.385036,0.0128107,0.307482,0.506405
37.2593,60.8542,51.006,1.98783,2.2846,-0.383038,0.00765985,0.308481,0.50383
36.4065,60.3149,-623.563,1.9757,2.27635,-0.396777,-0.000635287,0.301612,0.499682
35.9259,60.0705,-170.966,1.96448,2.26785,-0.40334,-0.00234547,0.29833,0.498827
36.7959,61.4243,40.4193,1.99749,2.30801,-0.394953,0.0100193,0.302523,0.50501
36.8806,61.9554,43.7717,2.01929,2.33646,-0.399168,0.00933252,0.300416,0.504666
37.7258,62.6752,38.4008,2.05349,2.37018,-0.39177,0.0104749,0.304115,0.505237
39.0419,64.1199,23.7497,2.10818,2.42826,-0.380916,0.0167438,0.309542,0.508372
42.9202,67.5027,10.8913,2.23772,2.55494,-0.342174,0.0345934,0.328913,0.517297
41.7634,65.3118,711.632,2.224,2.52792,-0.36023,0.000506915,0.319885,0.500253
41.9486,67.7303,20.8404,2.27071,2.60536,-0.369129,0.0186049,0.315435,0.509302
42.1592,68.3208,28.4379,2.3065,2.64748,-0.3745,0.013649,0.31275,0.506825
46.3548,64.3173,-11.7887,2.30394,2.53639,-0.295959,-0.0231422,0.352021,0.488429
44.0773,67.0477,37.8976,2.29645,2.59454,-0.3366,0.00912256,0.3317,0.504561
41.9784,66.4178,-2053.23,2.26878,2.58592,-0.368078,-0.00017918,0.315961,0.49991
43.4724,69.8408,15.2696,2.34959,2.69436,-0.361769,0.0253525,0.319115,0.512676
42.6081,67.6358,-104.884,2.32958,2.65648,-0.372251,-0.00351564,0.313875,0.498242
43.4154,68.7637,56.823,2.35626,2.68799,-0.364506,0.00652968,0.317747,0.503265
42.9182,69.9197,33.5121,2.37869,2.73326,-0.379023,0.0116579,0.310489,0.505829
44.0537,70.0032,58.1767,2.40972,2.7511,-0.366655,0.00641266,0.316673,0.503206
45.1644,72.134,20.744,2.47075,2.8274,-0.36239,0.0183544,0.318805,0.509177
47.4765,72.7063,26.7756,2.53518,2.87005,-0.338436,0.0131301,0.330782,0.506565
46.3555,72.3021,96.2535,2.53005,2.87479,-0.356464,0.00374227,0.321768,0.501871
44.9422,72.2206,290.014,2.51467,2.87724,-0.376897,0.00130408,0.311551,0.500652
45.9903,68.9811,-14.7835,2.47085,2.77452,-0.34799,-0.0220477,0.326005,0.488976
45.7654,69.771,-62.9106,2.45392,2.7705,-0.347631,-0.00543934,0.326184,0.49728
45.7528,70.2664,430.539,2.45582,2.77918,-0.348339,0.000810961,0.32583,0.500405
45.2285,73.2312,18.3407,2.50318,2.87477,-0.369236,0.021293,0.315382,0.510647
44.8308,72.5484,65.4978,2.51315,2.88155,-0.378431,0.00586735,0.310784,0.502934
45.3388,73.9437,31.2651,2.55262,2.93411,-0.379165,0.0125281,0.310418,0.506264
48.329,77.3509,13.2391,2.66973,3.05977,-0.356975,0.0291667,0.321512,0.514583
54.6692,80.9497,8.91099,2.85837,3.21495,-0.299117,0.0378103,0.350441,0.518905
52.5626,76.9405,-46.1515,2.81052,3.14071,-0.321499,-0.00681843,0.33925,0.496591
50.4185,77.4713,20478.7,2.78153,3.14795,-0.349186,1.7052e-05,0.325407,0.500009
52.1739,81.6337,13.968,2.87962,3.28125,-0.343928,0.0265212,0.328036,0.513261
52.1228,80.8158,44.268,2.90213,3.29407,-0.349827,0.00808513,0.325086,0.504043
50.9146,79.2547,-62.2669,2.86913,3.25571,-0.36125,-0.00570994,0.319375,0.497145
50.5832,78.8759,-68.0332,2.84954,3.23498,-0.362063,-0.00524476,0.318969,0.497378
49.1881,78.4236,-67.5383,2.81486,3.2126,-0.376233,-0.00548938,0.311884,0.497255
51.1457,81.775,20.8005,2.89365,3.31221,-0.363087,0.0183373,0.318456,0.509169
51.7774,82.2993,30.3851,2.93803,3.35635,-0.363091,0.0123563,0.318454,0.506178
52.3235,82.1277,71.3808,2.96047,3.36945,-0.359646,0.00511,0.320177,0.502555
51.4074,79.6698,-27.8793,2.91095,3.2976,-0.362852,-0.0125644,0.318574,0.493718
51.1004,77.9786,-20.0444,2.85759,3.22379,-0.355765,-0.0169055,0.322117,0.491547
52.0843,84.4484,12.4258,2.962,3.40628,-0.363613,0.0318239,0.318193,0.515912
54.0648,84.6968,21.2913,3.04014,3.46233,-0.350636,0.0172801,0.324682,0.50864
52.5127,81.9378,-44.7503,2.99492,3.39972,-0.364217,-0.00796097,0.317891,0.49602
53.5828,85.0931,25.0433,3.05424,3.48922,-0.360853,0.0150085,0.319573,0.507504
53.5297,84.511,91.4655,3.06564,3.4937,-0.364047,0.00402415,0.317977,0.502012
54.2161,82.1237,-27.4145,3.03804,3.42255,-0.347907,-0.012244,0.326047,0.493878
53.1992,82.55,-99.3955,3.01337,3.41743,-0.357849,-0.00356439,0.321076,0.498218
52.4872,81.9402,-65.2621,2.98724,3.39219,-0.362954,-0.00547755,0.318523,0.497261
52.1737,77.8158,-11.3704,2.89934,3.24951,-0.348407,-0.0281645,0.325796,0.485918
51.2298,73.5673,-7.01782,2.76646,3.06829,-0.332513,-0.0414718,0.333743,0.479264
53.8206,84.7739,7.52851,2.9432,3.36664,-0.332767,0.0509713,0.333617,0.525486
52.9428,80.303,-152.406,2.9247,3.29879,-0.342182,-0.00223057,0.328909,0.498885
50.5523,75.0474,-9.17403,2.79228,3.12433,-0.349537,-0.0343558,0.325231,0.482822
50.4823,73.9385,-12.5707,2.72209,3.03803,-0.334046,-0.0246152,0.332977,0.487692
50.1456,75.466,-149.854,2.71141,3.05227,-0.337006,-0.00223399,0.331497,0.498883
49.7324,72.6435,-15.4735,2.65104,2.95783,-0.329067,-0.0199755,0.335467,0.490012
52.8228,87.8637,4.89288,2.93098,3.4104,-0.34546,0.0887414,0.32727,0.544371
50.8901,80.0947,-96.3396,2.89359,3.29279,-0.367021,-0.00377052,0.31649,0.498115
49.6147,79.159,-47.8844,2.85378,3.25687,-0.378074,-0.00773404,0.310963,0.496133
48.6415,74.8228,-10.7435,2.74987,3.10424,-0.370416,-0.0315423,0.314792,0.484229
48.9872,76.7709,-113.88,2.74571,3.12147,-0.363926,-0.00316788,0.318037,0.498416
48.3072,78.037,57.9851,2.75489,3.15764,-0.376876,0.00661359,0.311562,0.503307
47.6369,76.4274,-52.6862,2.72597,3.1153,-0.381129,-0.0070992,0.309436,0.49645
47.2149,72.6519,-11.9436,2.64112,2.98253,-0.36863,-0.0284796,0.315685,0.48576
47.1169,75.9051,51.0601,2.66003,3.04718,-0.374621,0.00748342,0.312689,0.503742
47.3359,74.9977,-161.203,2.65676,3.02854,-0.370276,-0.0022828,0.314862,0.498859
47.2317,75.4341,212.793,2.66014,3.03936,-0.372767,0.00176005,0.313617,0.50088
46.2481,75.6566,165.504,2.65331,3.04899,-0.387271,0.00235417,0.306365,0.501177
46.3993,74.4742,-56.073,2.63715,3.01423,-0.381136,-0.00667805,0.309432,0.496661
45.3188,72.7453,-24.7892,2.5821,2.94899,-0.386354,-0.0149812,0.306823,0.492509
45.8683,72.5214,-40.2578,2.56528,2.92095,-0.373243,-0.00904661,0.313378,0.495477
45.8058,71.3195,-27.5535,2.53047,2.86974,-0.365971,-0.012817,0.317015,0.493592
45.2138,68.0843,-11.1576,2.44597,2.74756,-0.355324,-0.0292265,0.322338,0.485387
45.3256,70.2029,722.928,2.44869,2.7768,-0.354046,0.000490418,0.322977,0.500245
47.4368,78.5827,7.19937,2.62509,3.04235,-0.361176,0.0582601,0.319412,0.52913
47.371,73.1205,-45.5081,2.60356,2.94781,-0.357126,-0.00767879,0.321437,0.496161
47.9921,77.326,15.9267,2.67697,3.07165,-0.36421,0.0243998,0.317895,0.5122
47.0303,74.1041,-39.4162,2.63898,3.00237,-0.371178,-0.00918388,0.314411,0.495408
45.5342,73.9914,-71.3716,2.60443,2.98585,-0.3879,-0.00535984,0.30605,0.49732
46.8058,77.0542,22.5101,2.66917,3.07648,-0.381779,0.0177488,0.309111,0.508874
48.417,77.5472,31.5306,2.72386,3.11732,-0.368116,0.0120573,0.315942,0.506029
48.102,76.2428,-148.083,2.71273,3.09258,-0.370663,-0.00248628,0.314669,0.498757
46.7942,72.0676,-11.7523,2.6151,2.95363,-0.369504,-0.0289755,0.315248,0.485512
47.3732,75.0939,63.123,2.63865,3.01055,-0.365435,0.00588245,0.317282,0.502941
46.0471,74.269,-146.493,2.61389,2.99225,-0.381599,-0.00258723,0.3092,0.498706
46.8828,76.7625,25.7753,2.66635,3.06854,-0.379884,0.0153332,0.310058,0.507667
46.7442,75.6721,840.665,2.66572,3.05515,-0.381998,0.000454941,0.309001,0.500227
47.1733,77.9303,26.6322,2.71255,3.12819,-0.385568,0.0150423,0.307216,0.507521
48.0471,74.3735,-22.0961,2.68063,3.03494,-0.364161,-0.0157672,0.317919,0.492116
47.5866,76.891,44.0046,2.69828,3.09356,-0.375709,0.00873649,0.312145,0.504368
46.0343,75.1704,-55.4425,2.65826,3.05057,-0.391852,-0.00694249,0.304074,0.496529
46.4609,75.5292,-349.128,2.661,3.05228,-0.38554,-0.00110114,0.30723,0.499449
46.5986,76.302,85.9619,2.67526,3.07556,-0.386509,0.00454921,0.306745,0.502275
48.3148,79.0703,19.5578,2.75403,3.17065,-0.376566,0.0202915,0.311717,0.510146
47.8932,77.9297,138.894,2.75609,3.16325,-0.38372,0.00278271,0.30814,0.501391
47.7586,77.2722,-133.959,2.74631,3.14609,-0.3837,-0.00284309,0.30815,0.498578
46.7307,75.372,-27.2013,2.69393,3.08053,-0.388541,-0.0137774,0.305729,0.493111
46.8469,77.6015,52.0755,2.71662,3.13256,-0.391685,0.00766875,0.304157,0.503834
45.9888,74.0422,-19.087,2.65102,3.02851,-0.390974,-0.019464,0.304513,0.490268
45.9242,75.8458,179.103,2.65616,3.05902,-0.393169,0.00220754,0.303415,0.501104
45.6456,76.3337,93.5089,2.66418,3.07782,-0.399444,0.0043179,0.300278,0.502159
45.7074,74.5702,-40.4135,2.63903,3.0271,-0.39287,-0.00948653,0.303565,0.495257
48.116,79.2921,15.359,2.74285,3.16484,-0.377238,0.0262719,0.311381,0.513136
48.6362,79.5331,27.0166,2.79053,3.21026,-0.379557,0.014589,0.310222,0.507294
47.9557,80.2231,34.992,2.81408,3.25368,-0.39527,0.0116283,0.302365,0.505814
50.6646,82.1117,22.1837,2.90117,3.33141,-0.37214,0.0175673,0.31393,0.508784
49.9568,79.6234,-55.6014,2.87216,3.27739,-0.376763,-0.00665642,0.311619,0.496672
50.279,82.2904,29.8134,2.91469,3.35332,-0.380928,0.0132205,0.309536,0.50661
50.7383,79.7208,-38.9289,2.89394,3.29019,-0.369439,-0.00925242,0.315281,0.495374
50.2018,79.4682,-58.8884,2.8686,3.26813,-0.372205,-0.00621497,0.313898,0.496893
49.4057,78.5087,-40.1466,2.8314,3.22781,-0.376456,-0.00914912,0.311772,0.495425
48.9688,80.8478,39.2992,2.85434,3.28963,-0.38817,0.0101352,0.305915,0.505068
49.0159,80.5508,122.472,2.86421,3.29513,-0.389539,0.00320681,0.30523,0.501603
48.989,80.3012,7900.73,2.86398,3.29187,-0.389904,4.93566e-05,0.305048,0.500025
48.6299,80.1174,-350.419,2.85585,3.28601,-0.393698,-0.00112031,0.303151,0.49944
50.799,82.3541,29.2041,2.92386,3.35631,-0.374963,0.0132946,0.312519,0.506647
49.5869,78.644,-22.2829,2.85959,3.25624,-0.379761,-0.0163107,0.31012,0.491845
50.2216,79.8237,-476.411,2.86602,3.27003,-0.371333,-0.000777806,0.314334,0.499611
50.4432,79.1177,-74.8413,2.85517,3.24606,-0.365501,-0.00481928,0.31725,0.49759
49.7474,72.7828,-7.01255,2.72172,3.03228,-0.346011,-0.0431837,0.326994,0.478408
47.2204,76.0438,-2421.5,2.68722,3.0758,-0.379134,-0.000156505,0.310433,0.499922
48.0321,78.8001,22.2257,2.74725,3.16392,-0.379556,0.0178819,0.310222,0.508941
48.6473,80.0494,23.6495,2.80265,3.22969,-0.382033,0.0168672,0.308983,0.508434
50.6453,82.9387,15.1182,2.90481,3.34677,-0.373222,0.0264356,0.313389,0.513218
49.6987,79.7608,-57.901,2.87306,3.28384,-0.380933,-0.00646735,0.309533,0.496766
49.3444,80.5396,240.218,2.87288,3.29931,-0.386337,0.001615,0.306831,0.500807
50.161,82.5163,30.5209,2.92168,3.36533,-0.384196,0.0130144,0.307902,0.506507
50.3441,83.2787,35.9421,2.95673,3.40951,-0.388749,0.0111255,0.305626,0.505563
50.1419,81.929,-146.893,2.94616,3.3829,-0.389596,-0.00263431,0.305202,0.498683
49.6796,81.8678,-232.103,2.93483,3.3769,-0.394199,-0.00169109,0.302901,0.499154
49.8593,82.9446,70.341,2.95408,3.40907,-0.395455,0.00570305,0.302272,0.502852
49.7847,82.7322,255.244,2.95768,3.41094,-0.397302,0.00156268,0.301349,0.500781
51.0585,84.8234,30.2143,3.01477,3.48071,-0.390025,0.0133505,0.304987,0.506675
51.6692,84.1556,144.288,3.03125,3.47982,-0.384381,0.00268258,0.30781,0.501341
50.9676,83.7021,-286.851,3.01747,3.46933,-0.391912,-0.00136151,0.304044,0.499319
51.4099,85.2868,45.8729,3.04982,3.51837,-0.391946,0.00873458,0.304027,0.504367
53.9333,87.7049,21.2031,3.14085,3.60986,-0.373685,0.0184964,0.313158,0.509248
56.3146,90.6997,14.7983,3.25517,3.73542,-0.362785,0.0262919,0.318608,0.513146
56.4422,85.9771,-24.7932,3.21363,3.62491,-0.352493,-0.0136661,0.323754,0.493167
56.4376,90.6057,19.6905,3.2746,3.75238,-0.364945,0.0195257,0.317528,0.509763
54.9922,87.2199,-39.2375,3.22471,3.67446,-0.375382,-0.00932915,0.312309,0.495335
55.1251,88.1982,421.539,3.22938,3.69101,-0.374429,0.000890355,0.312785,0.500445
54.2333,89.3052,-198.858,3.26562,3.75675,-0.393917,-0.00197098,0.303042,0.499015
54.1455,86.9488,-26.0895,3.21879,3.67676,-0.386148,-0.0142545,0.306926,0.492873
54.5911,88.5705,186.285,3.23153,3.70612,-0.38237,0.00206369,0.308815,0.501032
55.6299,90.9926,26.9594,3.2923,3.78774,-0.379691,0.0146263,0.310155,0.507313
54.9966,88.4257,-53.4557,3.26091,3.72857,-0.382415,-0.0070225,0.308792,0.496489
55.9602,90.6633,42.857,3.30311,3.78951,-0.377207,0.0090118,0.311397,0.504506
55.8117,90.9652,63.0592,3.32083,3.81418,-0.382666,0.00616614,0.308667,0.503083
55.4114,85.7653,-13.2517,3.23109,3.6547,-0.370725,-0.0260126,0.314637,0.486994
55.3761,87.4856,-112.771,3.22036,3.66816,-0.369079,-0.00324404,0.31546,0.498378
57.2589,90.2321,26.6043,3.29047,3.75168,-0.356589,0.0139269,0.321706,0.506963
57.7758,92.5322,19.4494,3.36048,3.84863,-0.363318,0.0196927,0.318341,0.509846
58.4628,92.9642,30.9099,3.40959,3.89537,-0.363483,0.0121526,0.318259,0.506076
58.0955,94.1206,31.5109,3.44477,3.95326,-0.375165,0.0122961,0.312418,0.506148
58.0593,93.5442,125.006,3.45436,3.95554,-0.377449,0.00304379,0.311276,0.501522
57.6632,93.3109,1411.58,3.44967,3.95317,-0.381864,0.000270715,0.309068,0.500135
57.4832,92.3842,-77.6334,3.43101,3.92348,-0.380795,-0.00484266,0.309603,0.497579
59.1179,93.2036,184.196,3.46067,3.94184,-0.36445,0.0019894,0.317775,0.500995
58.6066,90.5636,-26.2105,3.40928,3.85917,-0.361465,-0.013284,0.319268,0.493358
56.522,87.2562,-13.7531,3.298,3.7284,-0.368405,-0.0249714,0.315798,0.487514
56.18,87.2831,-28.3534,3.25343,3.68785,-0.364337,-0.0124121,0.317831,0.493794
57.598,92.7211,15.9905,3.35009,3.84314,-0.36373,0.0242641,0.318135,0.512132
56.1094,86.7853,-16.5822,3.26159,3.6903,-0.366962,-0.0208712,0.316519,0.489564
55.4633,86.5982,-30.7487,3.21586,3.6499,-0.366936,-0.0115575,0.316532,0.494221
56.1374,88.1217,125.015,3.23441,3.68057,-0.361101,0.00291176,0.319449,0.501456
55.7987,90.5811,25.4272,3.27794,3.76471,-0.374547,0.0153332,0.312727,0.507667
54.9607,87.9819,-53.8199,3.24411,3.70555,-0.379644,-0.00692529,0.310178,0.496537
55.2032,84.8595,-16.0496,3.17984,3.59233,-0.363339,-0.0213107,0.318331,0.489345
54.199,82.9178,-15.3282,3.09713,3.4946,-0.360796,-0.0220965,0.319602,0.488952
54.9972,84.1761,-95.0052,3.0971,3.5006,-0.349016,-0.00363539,0.325492,0.498182
53.7589,85.8332,47.3315,3.10411,3.54845,-0.368698,0.00795782,0.315651,0.503979
52.8417,81.7854,-17.3523,3.03031,3.42944,-0.366812,-0.0199872,0.316594,0.490006
52.4685,83.8819,146.472,3.03285,3.46629,-0.372892,0.00256332,0.313554,0.501282
52.7707,85.0147,47.673,3.06111,3.50682,-0.374298,0.00801957,0.312851,0.50401
54.7221,88.3796,16.4643,3.15981,3.62751,-0.366167,0.0236782,0.316916,0.511839
53.1963,84.9643,-46.5289,3.11395,3.55461,-0.37889,-0.00797179,0.310555,0.496014
52.837,82.4958,-19.0013,3.05191,3.46158,-0.371413,-0.0185694,0.314294,0.490715
52.2474,78.1071,-8.85555,2.93483,3.28898,-0.355188,-0.0360394,0.322406,0.48198
53.3137,87.5828,10.2555,3.06513,3.53871,-0.367132,0.0396661,0.316434,0.519833
52.3714,78.8382,-9.96183,2.95338,3.31634,-0.357366,-0.032601,0.321317,0.4837
51.9814,82.4197,65.6487,2.96463,3.3826,-0.36574,0.00565734,0.31713,0.502829
51.8648,80.0303,-29.4264,2.92816,3.31383,-0.359595,-0.0118185,0.320203,0.494091
53.4038,79.522,-35.8083,2.92266,3.27952,-0.334543,-0.0090888,0.332728,0.495456
49.8742,77.9614,-24.7093,2.8329,3.21531,-0.369463,-0.0143708,0.315268,0.492815
48.8763,79.4226,188.059,2.82515,3.24125,-0.383343,0.00204932,0.308328,0.501025
48.788,74.1014,-9.98167,2.72938,3.0713,-0.363392,-0.0330908,0.318304,0.483455
49.1289,78.7295,28.1082,2.77151,3.17271,-0.367519,0.0135575,0.316241,0.506779
47.8436,77.2067,-125.234,2.74561,3.14329,-0.382194,-0.00302766,0.308903,0.498486
48.415,71.6284,-8.14582,2.64623,2.95746,-0.349943,-0.0382626,0.325028,0.480869
48.2012,69.1705,-8.0504,2.54521,2.82354,-0.328443,-0.0362904,0.335779,0.481855
48.2304,74.2821,20.608,2.59078,2.93822,-0.339472,0.0173129,0.330264,0.508656
45.7173,71.8931,-46.7234,2.53682,2.88517,-0.369009,-0.00773225,0.315495,0.496134
45.7799,72.472,2855.92,2.538,2.89323,-0.368228,0.00012898,0.315886,0.500064
44.9432,70.8646,-32.6219,2.49776,2.84167,-0.37282,-0.0110886,0.31359,0.494456
45.6683,68.6849,-15.6427,2.45277,2.75632,-0.349049,-0.0209731,0.325476,0.489513
48.9308,70.7072,78.8899,2.50585,2.79336,-0.305268,0.00391922,0.347366,0.50196
49.2587,80.9548,5.82126,2.69494,3.12145,-0.347652,0.0721081,0.326174,0.536054
47.9891,74.2286,-41.1366,2.65458,3.00687,-0.359004,-0.00852002,0.320498,0.49574
46.2796,75.0776,272.715,2.63544,3.02222,-0.382708,0.00140849,0.308646,0.500704
46.3053,77.6109,23.5227,2.68297,3.10533,-0.392956,0.0174471,0.303522,0.508724
50.3125,81.1689,12.4299,2.82402,3.2436,-0.360595,0.0315485,0.319702,0.515774
49.4254,77.4236,-44.5199,2.7891,3.16904,-0.366767,-0.00805729,0.316616,0.495971
49.164,77.5622,-115.997,2.7767,3.16176,-0.368129,-0.00314647,0.315936,0.498427
49.6755,79.5301,34.4609,2.81454,3.22047,-0.368509,0.0110131,0.315746,0.505507
48.4732,77.5785,-53.8189,2.77859,3.17364,-0.379497,-0.00692275,0.310251,0.496539
48.2825,78.3624,247.256,2.78037,3.18881,-0.382898,0.00155488,0.308551,0.500777
48.8063,75.5048,-19.6925,2.73769,3.09859,-0.365003,-0.0176394,0.317499,0.49118
48.1892,67.2859,-4.1262,2.5501,2.80372,-0.329907,-0.064357,0.335047,0.467822
50.0038,74.1874,21.1113,2.61531,2.93786,-0.31541,0.0156832,0.342295,0.507842
46.2905,69.3551,-12.676,2.49803,2.80346,-0.349622,-0.0255646,0.325189,0.487218
45.2012,70.2619,-55.0939,2.46698,2.79824,-0.360814,-0.00643232,0.319593,0.496784
45.9883,73.8391,17.6493,2.53346,2.90383,-0.363581,0.0218377,0.318209,0.510919
45.219,71.6245,-83.142,2.51167,2.86239,-0.371452,-0.00441459,0.314274,0.497793
45.1968,69.4783,-19.8838,2.46629,2.78723,-0.360719,-0.0172727,0.31964,0.491364
45.4903,65.4871,-7.82242,2.3734,2.63478,-0.331451,-0.0375692,0.334274,0.481215
45.0234,70.478,20.7286,2.41129,2.74574,-0.349843,0.0177328,0.325078,0.508866
45.6155,73.3313,13.3901,2.49224,2.85938,-0.359885,0.0290462,0.320058,0.514523
43.8755,69.2497,-25.4082,2.43247,2.76724,-0.375424,-0.0142162,0.312288,0.492892
43.7226,69.0311,-41.7643,2.40826,2.74133,-0.372137,-0.00870204,0.313931,0.495649
44.226,68.9978,-77.6881,2.40324,2.72881,-0.361972,-0.00460008,0.319014,0.4977
41.4403,69.5411,250.243,2.37069,2.74018,-0.403126,0.0016174,0.298437,0.500809
41.6225,67.528,-27.4479,2.33839,2.67764,-0.392122,-0.0137839,0.303939,0.493108
43.0228,69.0229,94.1819,2.36673,2.70761,-0.374185,0.00401564,0.312907,0.502008
41.7454,67.2943,-35.3691,2.32348,2.6574,-0.386247,-0.0106202,0.306876,0.49469
45.5788,74.1779,9.08664,2.48337,2.86187,-0.358321,0.0443102,0.32084,0.522155
46.5583,75.6026,12.5101,2.57801,2.96573,-0.364659,0.0316816,0.31767,0.515841
44.4517,71.4426,-29.5535,2.51645,2.87552,-0.385653,-0.0126222,0.307174,0.493689
44.8179,68.3812,-12.0264,2.44825,2.75924,-0.362844,-0.0278546,0.318578,0.486073
43.9075,69.5154,-62.2559,2.42121,2.75862,-0.372092,-0.00588233,0.313954,0.497059
43.864,70.3036,140.109,2.42747,2.77611,-0.374398,0.00269139,0.312801,0.501346
42.7764,67.9404,-23.3283,2.37339,2.70369,-0.380224,-0.0156289,0.309888,0.492186
44.639,70.7408,30.1348,2.42896,2.7728,-0.361155,0.012396,0.319423,0.506198
42.6111,69.0204,-62.0205,2.38671,2.73399,-0.386416,-0.0061316,0.306792,0.496934
43.3672,64.5826,-8.88545,2.30654,2.58252,-0.352441,-0.0356525,0.323779,0.482174
42.7358,62.8112,-9.81094,2.22113,2.4797,-0.341081,-0.0315496,0.32946,0.484225
43.5378,70.3534,9.56367,2.32989,2.67963,-0.355468,0.0415088,0.322266,0.520754
41.915,66.6423,-54.6976,2.29217,2.61402,-0.375282,-0.00673786,0.312359,0.496631
41.8525,66.3809,-68.9383,2.27833,2.59707,-0.372871,-0.00533143,0.313564,0.497334
42.1772,68.016,40.2011,2.30573,2.64247,-0.373978,0.00953997,0.313011,0.50477
45.0787,69.8625,19.7343,2.38857,2.71331,-0.342939,0.0183054,0.32853,0.509153
41.777,52.7002,-1.47025,2.03497,2.17215,-0.305219,-0.123558,0.34739,0.438221
40.2088,57.3282,-12.3689,1.96291,2.17608,-0.315155,-0.0235738,0.342422,0.488213
39.1511,61.3984,16.3812,1.9987,2.27795,-0.34792,0.0226198,0.32604,0.51131
38.9348,62.3144,20.3718,2.03737,2.33273,-0.363465,0.0187626,0.318267,0.509381
37.7867,60.783,-120.026,2.01583,2.30603,-0.380288,-0.00314219,0.309856,0.498429
37.0129,60.6175,-132.364,1.99952,2.2971,-0.391193,-0.00293327,0.304404,0.498533
38.3471,60.2976,-88.3068,2.00718,2.28352,-0.366647,-0.00410548,0.316676,0.497947
36.9248,57.5672,-14.036,1.93398,2.19154,-0.374558,-0.0249107,0.312721,0.487545
38.8435,63.2536,11.3843,2.03411,2.34239,-0.364362,0.0350877,0.317819,0.517544
38.87,60.9787,-338.406,2.03204,2.31116,-0.363246,-0.00107024,0.318377,0.499465
40.7258,64.7281,12.842,2.12216,2.42819,-0.352109,0.0297339,0.323945,0.514867
40.9104,64.6872,25.8264,2.15775,2.46234,-0.358436,0.0144377,0.320782,0.507219
40.6603,65.1027,36.4014,2.17884,2.49299,-0.368935,0.0104215,0.315532,0.505211
40.1157,61.2416,-13.417,2.11281,2.3821,-0.361379,-0.0250662,0.319311,0.487467
39.2854,62.5774,-195.308,2.09785,2.39457,-0.373406,-0.00190214,0.313297,0.499049
38.3967,62.584,-429.367,2.08447,2.3925,-0.387028,-0.000899298,0.306486,0.49955
38.1128,60.9257,-26.7965,2.04932,2.3385,-0.383058,-0.0137808,0.308471,0.49311
38.4852,61.7314,-1018.96,2.0532,2.34784,-0.376801,-0.000369425,0.3116,0.499815
37.7689,58.7994,-14.411,1.98936,2.25368,-0.373221,-0.0242179,0.313389,0.487891
37.3696,59.5119,-59.4849,1.97061,2.24829,-0.375967,-0.00621589,0.312016,0.496892
36.9688,61.1663,37.5454,1.98894,2.29352,-0.389165,0.0106488,0.305418,0.505324
36.492,58.3902,-20.7321,1.94356,2.21747,-0.386136,-0.017768,0.306932,0.491116
37.9554,61.1147,27.5747,1.9923,2.28339,-0.370295,0.0139341,0.314853,0.506967
38.0418,59.0992,-36.0005,1.97169,2.23545,-0.362614,-0.00980025,0.318693,0.4951
36.0725,58.836,-53.8729,1.93143,2.21584,-0.391268,-0.00713045,0.304366,0.496435
36.6605,56.3601,-13.766,1.88483,2.12872,-0.365638,-0.0247621,0.317181,0.487619
35.921,55.0272,-13.9968,1.82413,2.0585,-0.363015,-0.0242062,0.318493,0.487897
37.0994,59.4093,14.5992,1.89358,2.16995,-0.359041,0.0264016,0.320479,0.513201
35.6851,56.4191,-28.5455,1.849,2.10462,-0.375538,-0.0127105,0.312231,0.493645
36.1846,58.474,33.36,1.87948,2.15546,-0.374033,0.0115585,0.312983,0.505779
35.7578,58.1124,145.679,1.87982,2.15688,-0.38305,0.00264758,0.308475,0.501324
36.8375,59.622,27.2085,1.92358,2.20743,-0.373347,0.0142453,0.313326,0.507123
35.9329,56.2773,-16.4066,1.86575,2.11718,-0.375268,-0.0215589,0.312366,0.489221
35.5454,57.4958,-2043.98,1.86056,2.13182,-0.381888,-0.000186744,0.309056,0.499907
35.2659,58.6262,41.5264,1.87757,2.16729,-0.392634,0.00968835,0.303683,0.504844
38.2592,61.0988,14.8608,1.96992,2.25579,-0.357656,0.0258035,0.321172,0.512902
39.0803,62.8441,14.289,2.03973,2.33997,-0.361236,0.027183,0.319382,0.513591
38.5861,60.8511,-135.194,2.02743,2.30847,-0.367604,-0.00269912,0.316198,0.49865
36.8836,60.3705,-72.9796,1.99411,2.29003,-0.392285,-0.00530261,0.303857,0.497349
37.4365,60.867,268.119,2.00427,2.29963,-0.384061,0.00143779,0.30797,0.500719
38.3403,63.2694,19.8257,2.0608,2.37721,-0.381728,0.020277,0.309136,0.510139
39.1667,62.4612,103.526,2.07949,2.37552,-0.370677,0.00361543,0.314661,0.501808
37.5467,61.5828,-73.7643,2.04695,2.35185,-0.393514,-0.0052634,0.303243,0.497368
37.0539,59.4999,-18.8239,1.99625,2.27906,-0.38948,-0.019647,0.30526,0.490177
37.0057,58.1893,-17.1071,1.9493,2.21424,-0.377297,-0.020837,0.311352,0.489582
35.4211,55.7931,-11.3898,1.86179,2.11367,-0.384854,-0.0310622,0.307573,0.484469
36.4024,57.8182,180.904,1.87827,2.14326,-0.369106,0.00205169,0.315447,0.501026
35.5692,58.2921,76.5431,1.87882,2.1605,-0.386688,0.00511877,0.306656,0.502559
35.1851,56.8543,-38.1779,1.853,2.12064,-0.387254,-0.00988449,0.306373,0.495058
35.0401,56.2147,-35.2672,1.8289,2.08938,-0.383261,-0.0105677,0.308369,0.494716
34.7292,57.6262,56.2622,1.83993,2.12235,-0.393051,0.00711247,0.303475,0.503556
34.8288,57.4262,218.204,1.84495,2.12387,-0.392407,0.00180663,0.303797,0.500903
35.9779,59.6851,19.8689,1.90213,2.19694,-0.384908,0.0203991,0.307546,0.5102
35.5471,58.1273,-124.058,1.89008,2.17055,-0.390371,-0.00312151,0.304815,0.498439
34.6636,57.0994,-37.2804,1.85681,2.13442,-0.399256,-0.0104298,0.300372,0.494785
34.2599,55.0605,-15.9407,1.80277,2.05788,-0.392182,-0.0231503,0.303909,0.488425
34.7536,58.0941,26.7998,1.84038,2.12828,-0.392665,0.0152197,0.303667,0.50761
36.0209,51.1026,-5.07153,1.73954,1.92151,-0.333888,-0.0549925,0.333056,0.472504
33.864,51.2285,-12.3618,1.66,1.86718,-0.356603,-0.0266882,0.321698,0.486656
33.3959,52.2258,-92.6364,1.64684,1.87113,-0.363028,-0.003877,0.318486,0.498061
33.1947,54.6375,19.2211,1.68494,1.94257,-0.379792,0.0208435,0.310104,0.510422
35.1017,55.5437,20.0361,1.74503,1.99249,-0.356208,0.0187122,0.321896,0.509356
36.0663,54.3437,-203.533,1.75336,1.97448,-0.337425,-0.00164973,0.331288,0.499175
33.7573,55.2203,54.3591,1.7399,2.0003,-0.384278,0.00720174,0.307861,0.503601
36.4497,57.2193,17.1696,1.81647,2.07057,-0.349223,0.0215975,0.325388,0.510799
37.0236,59.5323,12.5871,1.88759,2.16618,-0.358833,0.0309684,0.320583,0.515484
38.395,61.1934,13.0303,1.96727,2.25243,-0.354096,0.0294336,0.322952,0.514717
37.1777,58.5104,-45.8922,1.93483,2.2009,-0.369604,-0.00788199,0.315198,0.496059
37.1288,60.6598,27.7408,1.96493,2.2599,-0.379238,0.014182,0.310381,0.507091
37.1033,61.0152,39.5397,1.98655,2.28735,-0.385813,0.0100108,0.307093,0.505005
38.93,63.3258,16.5411,2.06238,2.37175,-0.370583,0.0238454,0.314709,0.511923
38.6674,61.3017,-82.6108,2.04897,2.33557,-0.372035,-0.00444961,0.313982,0.497775
39.0456,62.9744,34.0249,2.07923,2.38337,-0.372973,0.0112937,0.313513,0.505647
38.1864,61.1893,-42.7143,2.04845,2.33996,-0.381374,-0.00872423,0.309313,0.495638
37.3963,60.705,-45.77,2.01967,2.31422,-0.389092,-0.00831925,0.305454,0.49584
37.426,61.6936,101.057,2.02879,2.33586,-0.390986,0.00390762,0.304507,0.501954
37.3969,58.5481,-14.738,1.97459,2.23999,-0.376544,-0.0239258,0.311728,0.488037
37.7293,55.9948,-9.31984,1.9041,2.13047,-0.348986,-0.033817,0.325507,0.483092
37.5298,59.5138,28.016,1.93017,2.20395,-0.360968,0.0133613,0.319516,0.506681
36.4052,58.3729,-123.523,1.90961,2.18288,-0.378228,-0.00303742,0.310886,0.498481
37.3488,61.1935,17.8482,1.96937,2.26835,-0.376038,0.0223192,0.311981,0.51116
37.1112,58.977,-49.8483,1.95018,2.22363,-0.375396,-0.00738267,0.312302,0.496309
37.1761,59.8733,99.0004,1.95937,2.24361,-0.376701,0.00384387,0.31165,0.501922
36.5937,59.8577,217.517,1.95599,2.24751,-0.38756,0.00178997,0.30622,0.500895
36.3846,60.567,59.0477,1.96826,2.27201,-0.395177,0.0068078,0.302411,0.503404
36.7758,59.1589,-45.0194,1.9548,2.23512,-0.383537,-0.00833426,0.308231,0.495833
36.7003,60.6086,50.0058,1.97124,2.2715,-0.389656,0.00795122,0.305172,0.503976
37.4091,61.9357,26.9722,2.01296,2.32257,-0.387001,0.0149006,0.306499,0.50745
37.468,60.5274,-92.6153,2.00455,2.29523,-0.383511,-0.00409667,0.308245,0.497952
37.5301,61.0443,175.374,2.01023,2.30687,-0.383845,0.00220128,0.308077,0.501101
36.8172,60.5297,-124.833,1.99427,2.29309,-0.393653,-0.00312837,0.303174,0.498436
36.4292,59.5898,-41.1906,1.96862,2.25953,-0.394383,-0.00934764,0.302809,0.495326
36.7505,58.3681,-24.4198,1.93972,2.2098,-0.379775,-0.0149401,0.310113,0.49253
36.9817,60.1623,50.8148,1.95922,2.24961,-0.380604,0.00764039,0.309698,0.50382
36.9855,58.9195,-55.9539,1.94478,2.21891,-0.376419,-0.0066092,0.31179,0.496695
35.7647,58.9634,-133.466,1.92314,2.21277,-0.395224,-0.00293921,0.302388,0.49853
35.1931,57.684,-31.1479,1.88923,2.16876,-0.397441,-0.0123629,0.30128,0.493819
35.6755,59.4295,46.2213,1.91391,2.21007,-0.394465,0.00872299,0.302768,0.504361
35.0875,57.3291,-28.2309,1.87731,2.15324,-0.39626,-0.0135562,0.30187,0.493222
35.181,58.6451,88.6384,1.88814,2.17972,-0.397384,0.00453436,0.301308,0.502267
34.8724,58.3182,-754.652,1.88316,2.17446,-0.402352,-0.000532456,0.298824,0.499734
34.7283,56.0031,-18.3229,1.8379,2.10022,-0.392481,-0.0203117,0.303759,0.489844
34.4757,55.5114,-25.6428,1.80417,2.06211,-0.387988,-0.0145626,0.306006,0.492719
35.0644,55.4325,-45.4901,1.79475,2.04372,-0.37251,-0.00801267,0.313745,0.495994
34.1218,52.9573,-13.0632,1.72857,1.95638,-0.372752,-0.0265055,0.313624,0.486747
33.0784,54.4236,1754.82,1.7164,1.97459,-0.392068,0.000223551,0.303966,0.500112
33.0274,53.1858,-33.087,1.69303,1.93574,-0.386052,-0.0113255,0.306974,0.494337
32.4649,52.6419,-35.182,1.66485,1.9067,-0.389933,-0.010777,0.305033,0.494611
34.0797,53.9612,53.1261,1.69799,1.93698,-0.364031,0.00698366,0.317985,0.503492
34.0927,57.0717,12.9839,1.76155,2.0413,-0.383516,0.0320026,0.308242,0.516001
35.38,57.8358,17.5282,1.82348,2.09925,-0.374412,0.0226529,0.312794,0.511326
34.1925,57.1807,73.2353,1.82037,2.10326,-0.398727,0.00551983,0.300637,0.50276
34.0535,55.957,-48.3409,1.80188,2.0706,-0.396323,-0.00803233,0.301839,0.495984
34.0056,55.7713,-68.3466,1.78951,2.05596,-0.393729,-0.00567769,0.303136,0.497161
34.9508,58.0802,23.0402,1.83741,2.12243,-0.387648,0.0175882,0.306176,0.508794
34.3708,56.6393,-102.109,1.82222,2.09624,-0.395491,-0.00383565,0.302254,0.498082
35.2238,58.6442,26.013,1.86531,2.15518,-0.39,0.0155919,0.305,0.507796
34.8608,57.5333,-215.486,1.85695,2.13737,-0.395182,-0.00182544,0.302409,0.499087
34.6953,57.8902,184.151,1.85951,2.14663,-0.399363,0.00218052,0.300318,0.50109
34.8379,58.5126,63.0666,1.87496,2.16871,-0.400764,0.006457,0.299618,0.503228
34.7834,58.1669,1572.34,1.87483,2.16499,-0.401854,0.00025574,0.299073,0.500128
34.9807,58.5446,119.85,1.88446,2.17722,-0.400482,0.00336965,0.299759,0.501685
34.6249,56.5219,-24.1744,1.8463,2.11676,-0.397069,-0.0157727,0.301466,0.492114
34.4993,57.7959,126.351,1.85149,2.13958,-0.401173,0.00320039,0.299413,0.5016
34.7859,55.65,-21.4598,1.81867,2.07501,-0.385648,-0.0171706,0.307176,0.491415
38.0028,62.5881,8.04076,1.96555,2.27322,-0.361625,0.0513616,0.319188,0.525681
35.5812,58.9884,-86.5677,1.9253,2.21775,-0.399563,-0.00456291,0.300218,0.497719
35.6348,59.9337,71.8029,1.93829,2.24249,-0.402054,0.0056785,0.298973,0.502839
36.3811,61.4474,26.8629,1.98127,2.29677,-0.398801,0.0154198,0.3006,0.50771
37.2402,62.0182,32.7512,2.01943,2.33262,-0.392111,0.0123495,0.303944,0.506175
37.2897,61.0482,-222.921,2.01615,2.31628,-0.39024,-0.00174276,0.30488,0.499129
36.9724,62.2817,44.7182,2.03262,2.35334,-0.400924,0.00917066,0.299538,0.504585
37.8135,63.3097,31.7874,2.0722,2.39668,-0.395057,0.0128318,0.302471,0.506416
38.6843,64.3892,27.1214,2.11738,2.44611,-0.390236,0.0149393,0.304882,0.50747
38.4143,62.3113,-42.4831,2.09322,2.39793,-0.389026,-0.0089466,0.305487,0.495527
38.1814,62.8008,-675.063,2.08892,2.40278,-0.392377,-0.000580385,0.303811,0.49971
37.8447,62.5873,-198.098,2.08007,2.39529,-0.396533,-0.00199165,0.301733,0.499004
37.3358,60.9401,-26.833,2.04103,2.34031,-0.396055,-0.0142297,0.301973,0.492885
39.1045,65.3821,14.5496,2.12767,2.46395,-0.384918,0.0284081,0.307541,0.514204
43.9964,69.762,8.14119,2.30109,2.6357,-0.339365,0.0475222,0.330318,0.523761
44.1213,69.0489,20.1528,2.34707,2.67257,-0.349358,0.0182406,0.325321,0.50912
42.6681,67.6516,-311.64,2.32518,2.65129,-0.370044,-0.00118361,0.314978,0.499408
42.1415,68.9396,44.1774,2.34015,2.69087,-0.383292,0.00887715,0.308354,0.504439
43.5986,69.8129,35.2408,2.38599,2.73016,-0.368767,0.0107698,0.315616,0.505385
41.9265,67.2662,-28.2993,2.33111,2.6625,-0.384896,-0.0131367,0.307552,0.493432
41.8864,68.513,151.343,2.33696,2.68545,-0.387062,0.00257453,0.306469,0.501287
41.272,68.5004,333.225,2.33188,2.68837,-0.396773,0.00119429,0.301614,0.500597
40.9887,67.8919,-102.34,2.3186,2.67043,-0.398594,-0.0038571,0.300703,0.498071
41.8357,68.6864,100.83,2.33931,2.69085,-0.388546,0.00389207,0.305727,0.501946
41.3048,64.5637,-12.2401,2.26128,2.56315,-0.378537,-0.0285902,0.310731,0.485705
40.6421,67.0939,83.7819,2.26411,2.60791,-0.391386,0.00472792,0.304307,0.502364
40.2646,66.996,245.231,2.26315,2.61076,-0.398021,0.00162969,0.30099,0.500815
40.121,65.6737,-42.3148,2.23915,2.5705,-0.394652,-0.00911125,0.302674,0.495444
40.5792,66.6481,140.52,2.25182,2.59015,-0.389443,0.00279131,0.305278,0.501396
41.663,69.2416,19.6464,2.31591,2.67607,-0.385845,0.0206927,0.307077,0.510346
40.5592,66.9106,-57.0319,2.28462,2.62804,-0.397987,-0.00685807,0.301007,0.496571
41.7659,68.1776,65.4257,2.31493,2.65975,-0.383746,0.00595641,0.308127,0.502978
42.2836,69.9541,25.1845,2.36098,2.72393,-0.385907,0.0159568,0.307046,0.507978
43.7701,65.7542,-14.3432,2.32334,2.60973,-0.349501,-0.0227789,0.32525,0.488611
42.0745,60.1597,-5.22105,2.16742,2.39892,-0.338697,-0.0544437,0.330652,0.472778
39.8823,64.9857,36.6655,2.16409,2.48653,-0.379756,0.0106477,0.310122,0.505324
38.4144,62.1991,-22.8209,2.10663,2.41049,-0.392573,-0.0164802,0.303713,0.49176
38.847,59.2842,-10.4987,2.03861,2.29689,-0.365564,-0.0317918,0.317218,0.484104
38.3148,62.6536,34.0146,2.05777,2.36656,-0.381401,0.0115525,0.309299,0.505776
39.6069,64.5108,19.1652,2.12078,2.43888,-0.373421,0.020557,0.313289,0.510278
39.8569,65.3016,24.151,2.16183,2.48857,-0.379639,0.0163984,0.31018,0.508199
41.16,62.9245,-33.0611,2.15422,2.43276,-0.352655,-0.0103536,0.323672,0.494823
43.561,70.0599,7.98862,2.30075,2.64511,-0.34733,0.0496994,0.326335,0.52485
40.9826,66.3245,-121.35,2.25963,2.58863,-0.384029,-0.00313878,0.307985,0.498431
39.95,64.4897,-24.205,2.20878,2.52584,-0.390108,-0.0154774,0.304946,0.492261
39.824,66.7857,41.8529,2.23035,2.57975,-0.397897,0.00973976,0.301051,0.50487
39.4943,65.2008,-54.8511,2.20893,2.54132,-0.39859,-0.00713665,0.300705,0.496432
39.1439,64.0472,-30.8953,2.17472,2.49546,-0.396423,-0.0124289,0.301788,0.493786
40.7847,67.939,17.3979,2.25142,2.6037,-0.385571,0.0235134,0.307215,0.511757
40.4346,66.8143,120.806,2.25479,2.59737,-0.392836,0.00327892,0.303582,0.501639
40.1297,64.9332,-30.0253,2.22041,2.54127,-0.389749,-0.0125623,0.305126,0.493719
39.7107,65.656,-502.344,2.21311,2.54865,-0.395645,-0.000786033,0.302177,0.499607
40.4391,66.998,40.9642,2.2459,2.59041,-0.390516,0.00977164,0.304742,0.504886
39.6845,64.5099,-27.1776,2.20243,2.52306,-0.393419,-0.0139621,0.303291,0.493019
40.3012,66.9695,34.2953,2.23837,2.58405,-0.391147,0.0117478,0.304427,0.505874
40.3959,67.0243,63.7805,2.25468,2.60051,-0.393516,0.00626813,0.303242,0.503134
40.5541,67.472,62.0209,2.2724,2.62268,-0.395058,0.00647415,0.302471,0.503237
40.7761,67.9197,61.3743,2.29125,2.64516,-0.395707,0.00655422,0.302147,0.503277
41.4521,68.1975,74.0796,2.31311,2.66238,-0.388941,0.00532215,0.30553,0.502661
41.1778,68.4993,82.2514,2.32152,2.67884,-0.395929,0.00487289,0.302036,0.502436
41.4649,69.0925,59.5079,2.342,2.70404,-0.395803,0.00676495,0.302098,0.503382
42.1246,69.8278,45.9897,2.37231,2.73626,-0.391487,0.0087017,0.304257,0.504351
43.9734,72.6596,16.5063,2.45818,2.83767,-0.379973,0.0245044,0.310014,0.512252
44.8678,70.5169,-126.906,2.46265,2.80169,-0.365548,-0.00285795,0.317226,0.498571
43.6489,72.1106,40.7071,2.47162,2.84887,-0.388768,0.0097909,0.305616,0.504895
44.8288,73.3147,29.7367,2.5215,2.90046,-0.380448,0.0132391,0.309776,0.50662
43.9045,70.7472,-33.5391,2.47993,2.83591,-0.386358,-0.0111861,0.306821,0.494407
45.853,72.6179,49.8215,2.52512,2.8808,-0.363866,0.007453,0.318067,0.503726
45.0549,68.5342,-13.4099,2.44936,2.75918,-0.358969,-0.0249113,0.320516,0.487544
43.9498,72.5393,25.1673,2.47531,2.85424,-0.384485,0.0159093,0.307757,0.507955
43.1453,70.806,-92.8138,2.45382,2.82001,-0.393209,-0.00419138,0.303395,0.497904
42.9133,70.3795,-76.0107,2.43761,2.80069,-0.393373,-0.00510803,0.303313,0.497446
43.267,72.5808,31.6583,2.47536,2.86428,-0.396175,0.0129223,0.301912,0.506461
43.2994,71.3017,-158.738,2.4694,2.84065,-0.394229,-0.00246797,0.302886,0.498766
42.9165,71.0737,-139.439,2.457,2.83001,-0.39788,-0.00283311,0.30106,0.498583
42.3914,68.9873,-23.4371,2.40832,2.75902,-0.395463,-0.0161829,0.302269,0.491909
43.2746,72.3479,25.9219,2.45996,2.84503,-0.392435,0.0157466,0.303782,0.507873
42.785,70.8137,-136.057,2.446,2.81694,-0.397562,-0.00290071,0.301219,0.49855
42.6876,71.2827,217.301,2.44947,2.82809,-0.400043,0.00184947,0.299979,0.500925
42.7304,71.3208,336.6,2.4531,2.83179,-0.400156,0.00119236,0.299922,0.500596
43.9497,73.3114,28.0919,2.50653,2.897,-0.391836,0.0144632,0.304082,0.507232
43.976,71.4014,-63.6117,2.4912,2.85531,-0.387798,-0.00600198,0.306101,0.496999
42.8184,70.1025,-31.7376,2.44436,2.80536,-0.396603,-0.0121146,0.301699,0.493943
42.693,71.2142,226.169,2.44726,2.82482,-0.399436,0.00177394,0.300282,0.500887
42.2343,69.8485,-44.7477,2.41868,2.78332,-0.40064,-0.0087576,0.29968,0.495621
43.2142,72.1558,34.0439,2.46203,2.84548,-0.393959,0.0119223,0.303021,0.505961
42.8309,70.9394,-153.703,2.45032,2.82247,-0.397786,-0.00257128,0.301107,0.498714
43.1862,72.2046,53.4229,2.47452,2.85953,-0.397358,0.00757986,0.301321,0.50379
45.3383,74.3293,21.5368,2.55096,2.93754,-0.378784,0.0184442,0.310608,0.509222
46.1513,76.4607,17.231,2.62396,3.03065,-0.382192,0.0235471,0.308904,0.511774
46.6255,77.4939,21.9092,2.68026,3.09644,-0.387192,0.0185178,0.306404,0.509259
47.3784,74.7663,-41.7201,2.6665,3.03492,-0.371829,-0.00870386,0.314085,0.495648
48.6343,79.6087,14.6021,2.75799,3.17756,-0.37236,0.0273751,0.31382,0.513688
47.9388,77.1267,-161.987,2.74206,3.13719,-0.37989,-0.0023308,0.310055,0.498835
48.7285,78.1025,73.6501,2.76707,3.16523,-0.372893,0.00513273,0.313553,0.502566
47.218,75.5623,-26.6586,2.70775,3.09059,-0.383783,-0.0138757,0.308109,0.493062
47.543,78.3896,34.7723,2.74375,3.1616,-0.386561,0.0114461,0.306719,0.505723
47.1465,77.2619,-250.496,2.73404,3.14183,-0.390731,-0.00155363,0.304634,0.499223
47.415,76.2397,-50.6537,2.71702,3.10659,-0.382688,-0.00740873,0.308656,0.496296
46.5763,76.5846,-267.854,2.70164,3.10706,-0.39272,-0.00146072,0.30364,0.49927
46.6193,75.0337,-34.3628,2.67208,3.05489,-0.385461,-0.0109002,0.307269,0.49455
46.4402,76.7031,71.6474,2.68482,3.09311,-0.391194,0.00553727,0.304403,0.502769
45.8511,75.5953,-86.9992,2.66449,3.06532,-0.396197,-0.00450228,0.301901,0.497749
48.094,74.7868,-46.5827,2.67384,3.03283,-0.361808,-0.00760377,0.319096,0.496198
45.6749,73.643,-32.7694,2.61016,2.98516,-0.386886,-0.0114567,0.306557,0.494272
47.0086,75.7496,45.6819,2.6506,3.03681,-0.374223,0.00837527,0.312888,0.504188
49.3484,80.9969,10.5722,2.78628,3.21569,-0.367356,0.0383775,0.316322,0.519189
46.5754,77.3425,-93.3133,2.73675,3.15375,-0.40036,-0.004245,0.29982,0.497877
46.4523,76.644,-58.9216,2.71652,3.12504,-0.397947,-0.00664112,0.301027,0.496679
46.286,76.1173,-57.6129,2.6955,3.09845,-0.396021,-0.00675656,0.301989,0.496622
45.9795,75.1184,-38.6178,2.66391,3.05649,-0.393993,-0.00994484,0.303004,0.495028
46.3201,77.6621,34.8322,2.70054,3.12408,-0.396578,0.0117219,0.301711,0.505861
45.7468,74.6183,-27.1252,2.65392,3.04264,-0.395545,-0.0140637,0.302228,0.492968
45.9064,72.3944,-16.291,2.59606,2.95061,-0.379813,-0.0219659,0.310094,0.489017
46.3609,74.8297,70.1487,2.61673,2.99835,-0.37707,0.00545303,0.311465,0.502727
45.2512,73.3633,-53.1977,2.58264,2.95876,-0.387601,-0.00715161,0.3062,0.496424
45.0662,74.8305,63.2062,2.59706,2.99595,-0.393943,0.00633286,0.303029,0.503166
44.5959,72.4726,-29.7366,2.55648,2.9288,-0.39251,-0.0127701,0.303745,0.493615
44.5185,72.4336,-57.3712,2.53775,2.9099,-0.38949,-0.00667264,0.305255,0.496664
45.312,73.6857,73.9386,2.56214,2.94094,-0.381845,0.00523516,0.309077,0.502618
45.9326,76.2481,20.3789,2.62315,3.03001,-0.385603,0.0198981,0.307199,0.509949
47.3778,77.7926,19.8645,2.69677,3.10709,-0.378746,0.0200772,0.310627,0.510039
45.8083,75.4128,-69.9619,2.66027,3.05907,-0.395956,-0.00557984,0.302022,0.49721
46.1717,72.1653,-14.3407,2.59807,2.94595,-0.375872,-0.0245016,0.312064,0.487749
46.1196,76.2944,25.8524,2.6389,3.04439,-0.386114,0.0155363,0.306943,0.507768
46.7479,75.7964,86.6243,2.6594,3.05021,-0.380503,0.00444387,0.309748,0.502222
47.3944,76.7445,45.5469,2.69117,3.0869,-0.377209,0.00846769,0.311395,0.504234
46.6725,73.3586,-19.6487,2.6315,2.98959,-0.375341,-0.0181775,0.312329,0.490911
47.9202,75.934,45.8446,2.67017,3.04688,-0.363803,0.00811253,0.318098,0.504056
46.7959,63.7633,-3.06317,2.4365,2.65948,-0.324758,-0.0799274,0.337621,0.460036
43.2626,67.738,-31.4667,2.36147,2.68205,-0.368575,-0.0113524,0.315712,0.494324
44.1455,68.2506,-181.972,2.3682,2.68375,-0.354439,-0.00193712,0.322781,0.499031
43.0249,68.6077,227.645,2.35761,2.69267,-0.371856,0.0016407,0.314072,0.50082
42.5932,68.75,205.174,2.35658,2.69934,-0.379312,0.00185779,0.310344,0.500929
43.0844,70.6236,27.3276,2.3991,2.76148,-0.381113,0.0144758,0.309444,0.507238
42.9599,70.6596,52.8801,2.41631,2.78159,-0.387475,0.00746866,0.306263,0.503734
42.7302,70.9558,68.6449,2.42808,2.80092,-0.394281,0.00582869,0.302859,0.502914
44.2614,72.5322,28.2503,2.48409,2.85898,-0.381232,0.01399,0.309384,0.506995
44.7787,74.1174,22.4915,2.53734,2.92831,-0.385017,0.0179149,0.307491,0.508957
44.9072,74.7444,30.6959,2.57373,2.97275,-0.391274,0.013176,0.304363,0.506588
45.1387,73.7614,-5198.85,2.57663,2.9594,-0.388091,-7.4635e-05,0.305955,0.499963
45.8401,76.1282,25.453,2.62832,3.03506,-0.388294,0.0158792,0.305853,0.50794
45.5575,74.8172,-483.559,2.62234,3.01519,-0.391575,-0.000808105,0.304213,0.499596
45.5931,75.4293,107.984,2.63275,3.03373,-0.393329,0.00367652,0.303335,0.501838
45.2507,72.7987,-23.5902,2.58534,2.954,-0.388227,-0.0157879,0.305886,0.492106
44.6745,72.2641,-32.6023,2.5467,2.91477,-0.388944,-0.0115749,0.305528,0.494213
43.922,71.4951,-34.3338,2.50732,2.87405,-0.392488,-0.011108,0.303756,0.494446
44.2341,72.9328,90.2547,2.52292,2.90508,-0.390839,0.00437892,0.30458,0.502189
43.3292,71.1113,-37.1513,2.48357,2.85245,-0.397026,-0.0104066,0.301487,0.494797
43.2375,70.5683,-42.5407,2.45891,2.82088,-0.392824,-0.00902199,0.303588,0.495489
44.3196,74.0801,20.5409,2.52466,2.92098,-0.3898,0.0199479,0.3051,0.509974
44.7987,72.2382,-139.78,2.52392,2.88905,-0.381528,-0.00271011,0.309236,0.498645
43.8554,72.8535,138.198,2.51892,2.90511,-0.396294,0.00288849,0.301853,0.501444
44.3613,73.6049,60.6511,2.54297,2.93312,-0.39333,0.00659385,0.303335,0.503297
44.0253,73.4314,190.342,2.54406,2.9366,-0.399193,0.00210832,0.300404,0.501054
43.811,72.8344,-131.362,2.5332,2.92031,-0.400303,-0.00302431,0.299848,0.498488
44.0151,72.97,-679.037,2.53438,2.92052,-0.397158,-0.000584024,0.301421,0.499708
43.7771,73.1448,444.133,2.53359,2.92533,-0.40096,0.00090483,0.29952,0.500452
44.917,74.5089,41.1824,2.57451,2.97028,-0.391289,0.00973781,0.304356,0.504869
44.401,73.9335,412.198,2.57019,2.96527,-0.398864,0.000970006,0.300568,0.500485
44.2232,72.2302,-34.5234,2.5382,2.91174,-0.394547,-0.0111067,0.302726,0.494447
43.5902,71.4099,-34.2964,2.50012,2.87002,-0.396435,-0.0112316,0.301783,0.494384
43.5521,72.7866,103.2,2.50981,2.89894,-0.399309,0.00390714,0.300346,0.501954
43.9948,73.7918,46.0472,2.53888,2.93644,-0.398524,0.00884681,0.300738,0.504423
44.0669,73.1062,-1507.6,2.53915,2.92658,-0.397379,-0.000263409,0.30131,0.499868
43.7617,72.4224,-81.7301,2.52235,2.90423,-0.398656,-0.00481875,0.300672,0.497591
45.4617,73.9256,49.2024,2.56577,2.94584,-0.380184,0.00788723,0.309908,0.503944
45.8545,75.0972,33.2212,2.60247,2.99417,-0.382156,0.0118604,0.308922,0.50593
45.7223,75.8222,37.3021,2.62952,3.03385,-0.390494,0.0107568,0.304753,0.505378
45.3493,73.5879,-39.7572,2.59863,2.977,-0.389631,-0.00955981,0.305185,0.49522
44.6055,73.6609,-91.3793,2.57715,2.96601,-0.397051,-0.00429805,0.301475,0.497851
44.439,73.8138,-356.071,2.57194,2.96496,-0.398631,-0.00111639,0.300685,0.499442
44.2397,73.8633,-1793.81,2.56868,2.965,-0.401194,-0.00022353,0.299403,0.499888
44.8366,75.2376,44.5748,2.60105,3.00876,-0.398615,0.00914785,0.300692,0.504574
44.8176,74.8036,241.655,2.60526,3.00758,-0.399867,0.00166158,0.300066,0.500831
44.3901,73.6479,-56.9266,2.58087,2.97269,-0.401443,-0.0069302,0.299278,0.496535
44.482,72.2555,-29.3286,2.54746,2.91811,-0.392343,-0.0129364,0.303828,0.493532
43.8684,70.9219,-23.9136,2.49775,2.85723,-0.391167,-0.0157009,0.304417,0.49215
43.5635,72.045,-6906.66,2.49355,2.872,-0.395363,-5.72355e-05,0.302318,0.499971
43.8665,73.9555,31.3608,2.5318,2.93304,-0.399057,0.0131438,0.300472,0.506572
43.4854,71.1252,-29.7409,2.49271,2.85998,-0.396494,-0.0128979,0.301753,0.493551
43.4276,70.9932,-52.1336,2.47268,2.83821,-0.392807,-0.00739283,0.303596,0.496304
43.1841,72.0929,101.06,2.47975,2.86352,-0.398607,0.00398368,0.300696,0.501992
43.2427,70.7864,-54.1786,2.46201,2.82693,-0.393466,-0.00713077,0.303267,0.496435
42.9792,71.5841,197.518,2.46375,2.84294,-0.398381,0.0020272,0.300809,0.501014
43.9587,73.0811,35.2757,2.50627,2.89354,-0.391621,0.0114256,0.30419,0.505713
43.8056,73.9808,34.7758,2.53521,2.93778,-0.400851,0.011868,0.299575,0.505934
43.9997,73.259,400.677,2.54043,2.93089,-0.398796,0.000997797,0.300602,0.500499
44.8725,71.2853,-27.9757,2.51747,2.86867,-0.37875,-0.0130713,0.310625,0.493464
50.8462,84.5579,5.26172,2.81194,3.26956,-0.349384,0.0819819,0.325308,0.540991
48.9843,79.3031,52.4371,2.80735,3.21966,-0.377779,0.00734448,0.311111,0.503672
52.615,84.9406,10.2073,2.96676,3.41042,-0.356578,0.0387279,0.321711,0.519364
50.336,81.29,-128.15,2.92678,3.35132,-0.382619,-0.00296259,0.308691,0.498519
51.0208,80.9159,-97.3278,2.92508,3.33473,-0.371843,-0.00378167,0.314078,0.498109
49.4518,81.6063,167.66,2.91045,3.3513,-0.392592,0.00235565,0.303704,0.501178
49.1973,81.7176,214.384,2.9124,3.35846,-0.396839,0.00185974,0.30158,0.50093
50.604,83.8891,28.4543,2.97312,3.43118,-0.388245,0.0141415,0.305878,0.507071
50.7845,80.9261,-33.8008,2.94322,3.35696,-0.379298,-0.0108991,0.310351,0.49455
49.8412,81.2462,-110.074,2.91999,3.35072,-0.388688,-0.00349935,0.305656,0.49825
49.305,81.241,-220.141,2.90742,3.34524,-0.394184,-0.0017825,0.302908,0.499109
49.6747,80.7093,-91.9,2.90031,3.32535,-0.387088,-0.00416672,0.306456,0.497917
49.6404,83.0776,32.7303,2.93607,3.39535,-0.395042,0.01245,0.302479,0.506225
49.4185,82.3137,255.144,2.93764,3.38965,-0.39869,0.00156876,0.300655,0.500784
49.4307,82.2152,2153.65,2.93835,3.38886,-0.398653,0.000185192,0.300673,0.500093
49.4033,80.808,-45.3139,2.91289,3.34357,-0.393832,-0.00850354,0.303084,0.495748
50.5363,83.9244,27.3543,2.97163,3.43109,-0.388948,0.0147584,0.305526,0.507379
51.5125,84.6754,33.4443,3.02024,3.47785,-0.384439,0.0118492,0.30778,0.505925
50.8837,83.717,1976.33,3.01216,3.46524,-0.392073,0.000198485,0.303963,0.500099
50.7458,84.1439,150.411,3.0182,3.47935,-0.395321,0.00264587,0.302339,0.501323
50.8411,84.1878,250.567,3.02427,3.48488,-0.395142,0.00158331,0.302429,0.500792
51.6539,85.9646,35.7309,3.06954,3.54466,-0.392337,0.0112965,0.303831,0.505648
53.6757,88.2176,21.3015,3.15461,3.63492,-0.380159,0.0187257,0.30992,0.509363
53.2493,86.1481,-147.099,3.14065,3.59785,-0.383488,-0.0025894,0.308256,0.498705
54.781,89.548,21.6963,3.21834,3.70341,-0.377103,0.0182208,0.311448,0.50911
55.8282,87.2879,-95.8587,3.22114,3.65971,-0.362809,-0.00374575,0.318596,0.498127
54.1617,86.416,-53.9403,3.17635,3.62532,-0.377552,-0.00687204,0.311224,0.496564
54.2238,89.4924,28.2623,3.22126,3.71369,-0.385528,0.0141414,0.307236,0.507071
55.2421,90.2714,34.3707,3.27154,3.76181,-0.381057,0.0114189,0.309472,0.505709
55.2642,89.954,98.6738,3.28437,3.7703,-0.383229,0.00392356,0.308385,0.501962
55.5049,89.1103,-136.777,3.27893,3.74939,-0.378834,-0.00274961,0.310583,0.498625
69.7675,92.2385,15.4686,3.53037,3.846,-0.231516,0.0160013,0.384242,0.508001
70.0927,91.8547,40.5988,3.55421,3.86026,-0.232439,0.00586984,0.383781,0.502935
69.5399,90.5646,-55.8712,3.53278,3.8282,-0.235329,-0.00413792,0.382336,0.497931
68.3588,87.924,-13.0808,3.46119,3.73513,-0.235529,-0.016727,0.382235,0.491636
67.5275,87.4732,-20.6076,3.41413,3.69275,-0.236469,-0.0109438,0.381766,0.494528
67.9552,90.2329,24.7427,3.45238,3.76424,-0.2393,0.0100789,0.38035,0.505039
67.7436,89.1001,-183.931,3.44521,3.74409,-0.24068,-0.00130146,0.37966,0.499349
67.9406,89.4101,221.35,3.45147,3.75201,-0.239298,0.00108599,0.380351,0.500543
67.7019,88.6941,-67.9423,3.43692,3.73055,-0.23933,-0.00347146,0.380335,0.498264
67.671,87.1717,-21.4073,3.40315,3.67531,-0.231732,-0.0103418,0.384134,0.494829
66.9769,87.9277,-270.521,3.39065,3.683,-0.238943,-0.000880015,0.380529,0.49956
66.3893,86.9425,-38.8038,3.36316,3.64958,-0.241024,-0.0060553,0.379488,0.496972
66.4562,87.6273,272.884,3.3669,3.66199,-0.240932,0.000886156,0.379534,0.500443
66.8218,88.5992,41.3758,3.39094,3.69488,-0.24129,0.0059761,0.379355,0.502988
68.2441,90.1781,20.7151,3.44871,3.7556,-0.234239,0.0118812,0.382881,0.505941
68.8027,90.9698,23.8366,3.48984,3.80067,-0.235863,0.0103283,0.382068,0.505164
69.1366,91.1867,38.3296,3.5152,3.8248,-0.236999,0.00634883,0.3815,0.503174
68.9143,90.534,-558.181,3.51068,3.81421,-0.239127,-0.000427639,0.380436,0.499786
69.2616,91.6416,41.7518,3.53482,3.84941,-0.239766,0.00588356,0.380117,0.502942
71.4433,94.9036,12.2289,3.63346,3.96461,-0.23167,0.0206317,0.384165,0.510316
71.0134,91.7877,-34.8072,3.60569,3.89854,-0.231328,-0.00646038,0.384336,0.49677
70.6882,92.4621,561.569,3.60251,3.90948,-0.235169,0.000419518,0.382416,0.50021
70.4253,91.7463,-63.1046,3.58656,3.88692,-0.235208,-0.00366913,0.382396,0.498165
70.4943,92.4333,125.558,3.59383,3.90301,-0.235905,0.00189394,0.382047,0.500947
71.6735,94.6574,19.0401,3.6535,3.97825,-0.233031,0.0129174,0.383485,0.506459
70.7638,91.2734,-18.9548,3.60113,3.89022,-0.233788,-0.0117159,0.383106,0.494142
70.3971,91.312,-40.2023,3.57705,3.87153,-0.233416,-0.00566513,0.383292,0.497167
69.046,88.5866,-12.1502,3.49886,3.77296,-0.234479,-0.0178308,0.38276,0.491085
70.0903,92.8101,17.251,3.56048,3.88012,-0.233928,0.0143947,0.383036,0.507197
69.51,90.5461,-44.5401,3.53516,3.8308,-0.236308,-0.00518901,0.381846,0.497405
70.4125,92.5361,29.0331,3.57517,3.88662,-0.232763,0.00830316,0.383618,0.504152
72.6567,96.6229,9.75983,3.69329,4.03244,-0.228429,0.0260769,0.385785,0.513038
72.2201,93.8575,-139.802,3.68152,3.98761,-0.231802,-0.0016463,0.384099,0.499177
72.7162,95.2566,36.1117,3.71092,4.0302,-0.231593,0.0065959,0.384203,0.503298
73.9652,97.2665,17.5715,3.77581,4.10676,-0.229051,0.013822,0.385474,0.506911
73.3058,94.7042,-34.7328,3.74409,4.04763,-0.230953,-0.00646334,0.384523,0.496768
72.9724,94.8751,-98.5183,3.73132,4.04187,-0.232656,-0.00233782,0.383672,0.498831
71.1247,90.2202,-7.93495,3.61601,3.88534,-0.232136,-0.0259807,0.383932,0.48701
71.4706,93.6566,42.9658,3.63944,3.95271,-0.232655,0.00554392,0.383672,0.502772
70.9143,92.0967,-40.7145,3.6127,3.91145,-0.234327,-0.0056174,0.382837,0.497191
70.745,91.7086,-46.2631,3.59386,3.88923,-0.232382,-0.00491677,0.383809,0.497542
70.3512,91.8518,-138.924,3.58271,3.88555,-0.235368,-0.00168212,0.382316,0.499159
70.462,91.9872,-2212.26,3.58392,3.8871,-0.234083,-0.000105764,0.382959,0.499947
70.66,92.504,86.048,3.59586,3.9037,-0.234039,0.00275184,0.382981,0.501376
71.6228,94.7004,18.7135,3.6534,3.97948,-0.233712,0.013194,0.383144,0.506597
71.5321,93.4282,-1124.79,3.65141,3.96079,-0.234522,-0.000208319,0.382739,0.499896
72.6011,95.9374,18.6245,3.71116,4.04175,-0.23323,0.0132333,0.383385,0.506617
72.7713,95.1913,88.3214,3.7227,4.04048,-0.233482,0.00267382,0.383259,0.501337
73.4817,95.8746,47.6761,3.74964,4.06734,-0.229791,0.00492311,0.385104,0.502462
74.4438,97.7167,20.0141,3.80473,4.13568,-0.228992,0.0120433,0.385504,0.506022
75.7277,99.2403,17.3856,3.87108,4.20632,-0.226384,0.013816,0.386808,0.506908
75.665,97.9658,572.32,3.87158,4.18957,-0.227331,0.000397904,0.386335,0.500199
75.4754,97.9463,2307.09,3.86923,4.18965,-0.229345,9.94518e-05,0.385328,0.50005
76.2183,99.3829,31.9139,3.90578,4.23655,-0.227443,0.0073573,0.386279,0.503679
76.3661,99.0861,105.829,3.9156,4.24015,-0.227622,0.00217136,0.386189,0.501086
75.7328,97.6095,-34.7875,3.88377,4.1959,-0.229092,-0.00640144,0.385454,0.496799
76.9549,100.668,19.4013,3.94469,4.2838,-0.226163,0.0122906,0.386919,0.506145
77.1321,99.6797,192.737,3.95143,4.27394,-0.225291,0.001175,0.387354,0.500587
77.2293,100.05,93.5186,3.96158,4.28815,-0.226206,0.00244498,0.386897,0.501222
77.9493,101.37,29.8332,3.99992,4.33555,-0.225041,0.00780491,0.38748,0.503902
74.4282,92.2735,-4.38866,3.79679,4.05045,-0.22744,-0.0422072,0.38628,0.478896
73.7679,94.7494,-26.4974,3.75861,4.05637,-0.227895,-0.00828785,0.386053,0.495856
74.3776,97.2037,27.3423,3.79712,4.1216,-0.2282,0.00866285,0.3859,0.504331
73.758,95.1846,-36.2974,3.7669,4.07112,-0.229882,-0.00616349,0.385059,0.496918
73.6613,95.0558,-59.6074,3.75254,4.05608,-0.227988,-0.00376172,0.386006,0.498119
76.1636,101.366,8.34276,3.89378,4.25343,-0.225551,0.0307174,0.387225,0.515359
76.4539,99.1847,54.0589,3.913,4.23764,-0.225895,0.00425743,0.387053,0.502129
76.6247,99.2127,100.63,3.9235,4.24624,-0.225921,0.0022676,0.38704,0.501134
76.5916,98.9298,-764.788,3.92198,4.24113,-0.226027,-0.000295156,0.386987,0.499852
75.9892,97.4651,-28.8624,3.88638,4.19277,-0.226252,-0.00757647,0.386874,0.496212
76.5698,99.6164,32.64,3.91991,4.24915,-0.225866,0.00713862,0.387067,0.503569
76.5433,99.3197,111.157,3.9269,4.2524,-0.227731,0.00206733,0.386135,0.501034
76.0834,97.505,-26.7236,3.89123,4.19691,-0.22606,-0.00815406,0.38697,0.495923
76.0723,98.5015,230.119,3.89458,4.21469,-0.226939,0.000990483,0.386531,0.500495
77.4303,101.505,15.4075,3.96936,4.31396,-0.225251,0.0156343,0.387375,0.507817
76.6844,98.2167,-25.064,3.92751,4.23521,-0.226003,-0.00867107,0.386999,0.495664
73.5949,91.6638,-4.97225,3.74738,4.00368,-0.227738,-0.0381327,0.386131,0.480934
75.8705,100.989,8.70105,3.88083,4.23911,-0.226617,0.0294268,0.386691,0.514713
75.2409,96.8597,-34.913,3.84941,4.1574,-0.228132,-0.00635235,0.385934,0.496824
75.8232,98.7293,36.5234,3.88015,4.20688,-0.227099,0.00639296,0.38645,0.503196
74.4885,95.0685,-13.6752,3.80607,4.09874,-0.228685,-0.0155831,0.385657,0.492208
75.0718,97.9807,32.4411,3.83963,4.16588,-0.228248,0.00725954,0.385876,0.50363
74.7761,96.7299,-80.7495,3.8256,4.13807,-0.229127,-0.00280279,0.385437,0.498599
74.6866,97.0018,NULL,3.82432,4.14194,-0.230049,0,0.384976,0.5
74.0084,95.315,-25.3729,3.78415,4.0869,-0.23032,-0.00873321,0.38484,0.495633
75.8754,100.188,11.9324,3.88265,4.22948,-0.226951,0.0207595,0.386525,0.51038
76.1352,98.5797,104.549,3.89407,4.21438,-0.225993,0.00218248,0.387003,0.501091
75.8496,97.801,-77.9635,3.87983,4.19293,-0.226677,-0.00287065,0.386662,0.498565
75.0114,96.2992,-23.9823,3.83561,4.13872,-0.228173,-0.00913338,0.385914,0.495433
74.2123,95.1335,-20.4872,3.78705,4.08432,-0.228199,-0.0106202,0.385901,0.49469
73.3643,93.8127,-17.5709,3.73252,4.02237,-0.227553,-0.0122532,0.386224,0.493873
72.1793,92.5001,-16.521,3.67076,3.95805,-0.229924,-0.0131228,0.385038,0.493439
73.3319,96.4962,16.6284,3.73662,4.06506,-0.228922,0.0146478,0.385539,0.507324
75.1206,99.2167,11.5923,3.83541,4.17847,-0.226661,0.0213986,0.386669,0.510699
77.3708,102.487,9.26653,3.96256,4.32195,-0.224562,0.0271652,0.387719,0.513583
77.7269,100.792,45.3234,3.98587,4.31622,-0.224924,0.00507462,0.387538,0.502537
79.2778,103.899,13.5008,4.07255,4.42633,-0.223338,0.0178659,0.388331,0.508933
79.5267,102.836,61.1536,4.08979,4.42494,-0.223789,0.0037203,0.388105,0.50186
79.3152,102.241,-214.264,4.0829,4.41248,-0.225044,-0.00104543,0.387478,0.499477
80.7882,105.547,15.3611,4.16111,4.51802,-0.222704,0.0155075,0.388648,0.507754
81.3163,105.107,40.493,4.1897,4.53298,-0.221995,0.00562112,0.389003,0.502811
80.9583,103.819,-65.4356,4.17193,4.5016,-0.22281,-0.00335377,0.388595,0.498323
81.8458,106.165,24.2543,4.22042,4.57171,-0.221717,0.00953447,0.389141,0.504767
82.9851,107.906,18.047,4.2858,4.64658,-0.22098,0.012963,0.38951,0.506482
82.3168,104.973,-29.2983,4.24819,4.57577,-0.221561,-0.00731265,0.389219,0.496344
82.5112,106.253,93.5536,4.26007,4.6035,-0.221585,0.00239413,0.389207,0.501197
82.7739,106.606,78.3892,4.27474,4.61964,-0.221332,0.00285999,0.389334,0.50143
83.0074,106.909,78.6159,4.28899,4.63507,-0.221356,0.00285194,0.389322,0.501426
82.7972,106.253,-133.471,4.27964,4.61916,-0.222043,-0.00165123,0.388979,0.499174
83.5375,108.138,28.6846,4.32087,4.67745,-0.221313,0.00799408,0.389343,0.503997
84.9328,110.333,16.5235,4.39545,4.7645,-0.219339,0.0141295,0.390331,0.507065
86.239,111.888,16.473,4.46943,4.84296,-0.218361,0.0141124,0.390819,0.507056
87.3981,113.007,19.0256,4.53394,4.90761,-0.217291,0.0120546,0.391355,0.506027
87.1311,111.289,-130.232,4.52339,4.8758,-0.21838,-0.00166407,0.39081,0.499168
88.4347,114.389,17.7025,4.59422,4.97363,-0.216858,0.0129836,0.391571,0.506492
87.7796,111.363,-30.3545,4.55664,4.90101,-0.217232,-0.00692824,0.391384,0.496536
89.1186,115.371,16.1377,4.63358,5.01779,-0.216499,0.0143019,0.391751,0.507151
89.2644,114.058,158.232,4.64133,5.00426,-0.216299,0.00137567,0.391851,0.500688
91.0453,118.165,12.6047,4.74291,5.14104,-0.215215,0.0185455,0.392393,0.509273
90.1258,114.007,-23.9168,4.69344,5.04357,-0.216339,-0.00868245,0.391831,0.495659
91.3595,117.76,19.0563,4.76045,5.14823,-0.214956,0.0119048,0.392522,0.505952
91.2762,116.238,-364.855,4.75677,5.12336,-0.215206,-0.000588228,0.392397,0.499706
88.0063,108.88,-5.71504,4.57398,4.87894,-0.217944,-0.0324561,0.391028,0.483772
87.7177,111.672,-55.884,4.55434,4.90411,-0.217512,-0.00382378,0.391244,0.498088
88.8284,114.659,20.0897,4.61607,4.99391,-0.216494,0.0113409,0.391753,0.50567
88.4191,112.513,-56.2082,4.59467,4.9469,-0.217129,-0.00379541,0.391436,0.498102
88.0446,111.986,-50.1749,4.57207,4.92182,-0.217124,-0.00424278,0.391438,0.497879
85.8897,107.436,-8.66987,4.44967,4.76325,-0.218623,-0.0226087,0.390688,0.488696
87.3026,113.311,15.229,4.53047,4.90994,-0.217739,0.0153025,0.39113,0.507651
85.4922,107.398,-10.5228,4.42809,4.7467,-0.219106,-0.0190151,0.390447,0.490492
85.1896,108.836,-73.4905,4.41215,4.75591,-0.219576,-0.0029477,0.390212,0.498526
83.6543,105.492,-12.0186,4.32361,4.64015,-0.220436,-0.0169324,0.389782,0.491534
82.431,104.396,-15.1812,4.25332,4.57096,-0.221195,-0.0136699,0.389402,0.493165
81.1207,102.967,-15.3036,4.18242,4.4976,-0.222945,-0.0136746,0.388528,0.493163
83.4059,109.662,9.84804,4.30878,4.68919,-0.220476,0.0249181,0.389762,0.512459
86.1342,113.427,8.36609,4.46196,4.85934,-0.218135,0.0296134,0.390933,0.514807
85.3041,108.47,-27.4397,4.41941,4.75625,-0.219642,-0.00772306,0.390179,0.496138
86.3355,111.595,22.0379,4.47506,4.84299,-0.218323,0.0103776,0.390839,0.505189
85.9209,109.667,-60.9208,4.45499,4.80067,-0.219305,-0.00354171,0.390347,0.498229
85.3452,109.023,-45.8993,4.42806,4.77248,-0.220869,-0.00470943,0.389566,0.497645
87.1569,113.446,13.3408,4.52376,4.90725,-0.218148,0.017677,0.390926,0.508838
87.0635,111.319,-310.273,4.51961,4.8734,-0.218439,-0.00070176,0.39078,0.499649
85.9246,108.695,-16.9581,4.45436,4.78583,-0.219137,-0.0122027,0.390432,0.493899
84.1737,105.892,-10.5789,4.35394,4.66907,-0.220217,-0.0190188,0.389892,0.490491
83.3691,105.901,-22.1538,4.30545,4.63186,-0.220252,-0.00951255,0.389874,0.495244
80.8057,100.979,-6.8916,4.16032,4.45111,-0.222319,-0.0281716,0.38884,0.485914
80.831,103.926,2360.72,4.16105,4.49396,-0.22215,9.41426e-05,0.388925,0.500047
81.9864,106.851,16.8278,4.23003,4.58932,-0.221941,0.0140222,0.389029,0.507011
85.4713,113.626,6.6968,4.42571,4.83517,-0.218884,0.0384223,0.390558,0.519211
85.5906,109.656,204.85,4.43163,4.78169,-0.218629,0.0010725,0.390685,0.500536
83.2614,104.207,-7.95633,4.3011,4.60449,-0.22069,-0.0246407,0.389655,0.48768
84.0678,108.746,25.7863,4.34681,4.7048,-0.220071,0.00887873,0.389965,0.504439
83.729,106.969,-56.7978,4.32716,4.66407,-0.220241,-0.00381054,0.38988,0.498095
81.2605,101.629,-7.18413,4.18692,4.4808,-0.22212,-0.0271403,0.38894,0.48643
80.6018,102.847,-27.62,4.14826,4.46878,-0.222381,-0.0077701,0.38881,0.496115
82.8575,109.061,9.56821,4.27667,4.6559,-0.220693,0.0257572,0.389653,0.512879
83.4939,107.951,29.9027,4.31497,4.66939,-0.220652,0.00763431,0.389674,0.503817
85.9048,112.781,9.39832,4.44989,4.84104,-0.218486,0.0260155,0.390757,0.513008
86.3706,111.058,43.3011,4.47697,4.83658,-0.218281,0.00516016,0.39086,0.50258
86.4752,110.722,206.409,4.48268,4.83594,-0.218162,0.00106209,0.390919,0.500531
83.1102,102.995,-5.32099,4.29503,4.58301,-0.221319,-0.0350133,0.389341,0.482493
87.7941,119.141,4.91717,4.57925,5.03738,-0.221449,0.0565329,0.389276,0.528266
91.1306,119.897,7.9463,4.75359,5.17605,-0.216263,0.0311335,0.391869,0.515567
89.675,112.899,-13.851,4.67147,5.01176,-0.217331,-0.0146341,0.391334,0.492683
91.0267,117.469,18.1656,4.74264,5.13082,-0.215375,0.0125469,0.392313,0.506273
91.0688,116.053,1276.87,4.74397,5.11076,-0.215148,0.000168628,0.392426,0.500084
91.7231,117.82,29.1014,4.78537,5.16895,-0.215526,0.00766958,0.392237,0.503835
92.5462,118.597,30.9952,4.82725,5.21058,-0.214092,0.00713754,0.392954,0.503569
91.6941,115.782,-24.4976,4.7793,5.13328,-0.214712,-0.00842089,0.392644,0.49579
92.3517,118.322,33.262,4.81667,5.1987,-0.214302,0.00664257,0.392849,0.503321
94.1825,122.101,12.1303,4.92421,5.33608,-0.213829,0.0192114,0.393086,0.509606
96.4561,125.481,10.0999,5.05791,5.48758,-0.213291,0.0234388,0.393355,0.511719
97.7145,125.729,17.8337,5.1318,5.54727,-0.212983,0.0126522,0.393509,0.506326
98.3693,125.379,44.1545,5.1632,5.56404,-0.211576,0.00490276,0.394212,0.502451
98.8924,126.245,36.9278,5.1972,5.60347,-0.212038,0.00590179,0.393981,0.502951
99.7243,127.257,31.2912,5.24063,5.64998,-0.210898,0.00696236,0.394551,0.503481
99.5208,125.847,-99.521,5.22817,5.61948,-0.210854,-0.00209761,0.394573,0.498951
100.348,128.182,26.7811,5.27716,5.69135,-0.210745,0.00817441,0.394627,0.504087
103.032,134.108,8.80543,5.43933,5.90345,-0.210957,0.027027,0.394521,0.513513
102.366,128.955,-32.8334,5.40046,5.79723,-0.211141,-0.00624062,0.394429,0.49688
99.5875,123.212,-7.30599,5.24105,5.59233,-0.212411,-0.0255732,0.393795,0.487213
100.819,129.667,17.8008,5.31628,5.74597,-0.212635,0.0126563,0.393682,0.506328
99.3995,124.227,-13.0986,5.22672,5.59575,-0.211878,-0.0150283,0.394061,0.492486
99.9932,127.363,44.0334,5.25758,5.66467,-0.211043,0.00490417,0.394478,0.502452
100.279,127.272,101.612,5.27125,5.67286,-0.210439,0.0020916,0.39478,0.501046
99.6031,125.401,-32.2481,5.23256,5.61605,-0.210758,-0.00633895,0.394621,0.496831
97.7724,122.052,-11.8061,5.13091,5.49098,-0.212205,-0.0165706,0.393897,0.491715
97.8129,124.483,142.759,5.13817,5.53376,-0.213065,0.00150301,0.393468,0.500752
98.1535,125.358,51.0955,5.16209,5.56587,-0.213677,0.0042654,0.393161,0.502133
96.148,119.715,-9.31987,5.04042,5.38914,-0.213475,-0.0206858,0.393263,0.489657
94.3115,117.827,-10.7472,4.93382,5.28083,-0.214169,-0.0182315,0.392916,0.490884
96.2125,124.394,12.7575,5.03927,5.45624,-0.212567,0.0180792,0.393717,0.50904
95.4901,120.502,-29.8293,4.99851,5.36821,-0.213043,-0.00691041,0.393478,0.496545
96.6776,124.026,20.259,5.06365,5.46853,-0.211928,0.0110041,0.394036,0.505502
98.326,126.814,13.655,5.16117,5.58394,-0.211676,0.0167267,0.394162,0.508363
99.4022,127.552,19.8267,5.22712,5.64553,-0.211919,0.0112563,0.39404,0.505628
98.7038,124.235,-27.0124,5.18286,5.56195,-0.211505,-0.00755041,0.394248,0.496225
97.2917,122.058,-15.9661,5.10598,5.47304,-0.212908,-0.012549,0.393546,0.493725
98.5091,126.195,21.3039,5.16983,5.58076,-0.211265,0.0104051,0.394368,0.505203
98.0741,123.876,-50.7459,5.14518,5.52793,-0.211522,-0.0040877,0.394239,0.497956
95.2994,117.969,-7.163,4.98831,5.3233,-0.213273,-0.0261268,0.393364,0.486937
96.0378,122.829,31.5106,5.02934,5.42565,-0.212669,0.00697034,0.393665,0.503485
95.2567,120.043,-25.7054,4.98315,5.34936,-0.2128,-0.00796843,0.3936,0.496016
97.7916,127.211,9.36689,5.12981,5.56606,-0.211803,0.0253144,0.394099,0.512657
96.2035,120.29,-12.8428,5.03842,5.39479,-0.212512,-0.0153518,0.393744,0.492324
96.089,121.813,-145.768,5.03046,5.41097,-0.212314,-0.0014466,0.393843,0.499277
96.9818,124.099,25.5922,5.08108,5.48271,-0.21178,0.00861167,0.39411,0.504306
98.6119,127.057,14.0448,5.17623,5.59851,-0.211307,0.0161985,0.394347,0.508099
97.5091,122.415,-19.1324,5.11305,5.48223,-0.211837,-0.0105222,0.394081,0.494739
97.1924,122.913,-64.1037,5.094,5.47507,-0.21183,-0.00325374,0.394085,0.498373
98.0071,125.207,28.6392,5.13966,5.54309,-0.211255,0.00764331,0.394372,0.503822
98.4223,125.319,50.5171,5.1647,5.56388,-0.211277,0.00426676,0.394361,0.502133
98.2071,124.296,-106.5,5.15274,5.53983,-0.211448,-0.00196696,0.394276,0.499017
97.7733,123.463,-47.7827,5.12708,5.50801,-0.211512,-0.0043358,0.394244,0.497832
98.174,124.946,56.5943,5.14983,5.54702,-0.211283,0.00380044,0.394359,0.5019
97.655,123.278,-42.9902,5.1208,5.50068,-0.211658,-0.00481149,0.394171,0.497594
96.4439,121.102,-17.8878,5.0532,5.41817,-0.212575,-0.0112546,0.393713,0.494373
98.7846,128.14,10.2567,5.18755,5.62347,-0.211477,0.0228457,0.394262,0.511423
98.2705,123.926,-38.0778,5.15578,5.53647,-0.211312,-0.00540748,0.394344,0.497296
99.6609,127.98,16.6441,5.2362,5.6572,-0.210788,0.013474,0.394606,0.506737
100.469,128.349,26.8259,5.2849,5.69985,-0.210833,0.00816361,0.394584,0.504082
101.004,128.511,45.7131,5.31417,5.72382,-0.210342,0.00470426,0.394829,0.502352
102.569,132.605,12.6779,5.42022,5.86866,-0.212439,0.0181916,0.39378,0.509096
100.651,126.164,-12.6325,5.31869,5.69877,-0.21479,-0.0157557,0.392605,0.492122
99.5122,124.442,-13.4221,5.2347,5.60532,-0.212091,-0.0147059,0.393955,0.492647
96.5769,119.538,-6.8881,5.06914,5.40916,-0.214004,-0.02713,0.392998,0.486435
99.8048,130.447,7.97124,5.24986,5.70557,-0.211671,0.0303635,0.394164,0.515182
99.6494,126.113,-108.026,5.23884,5.63229,-0.211373,-0.00193874,0.394314,0.499031
97.2947,120.727,-8.41964,5.1025,5.44975,-0.212253,-0.022533,0.393874,0.488733
96.5678,121.964,-32.9502,5.06412,5.44014,-0.213201,-0.00627982,0.393399,0.49686
97.3314,124.258,35.2517,5.10247,5.5015,-0.211854,0.0061852,0.394073,0.503093
99.2364,128.192,12.2145,5.21359,5.64382,-0.211289,0.0188408,0.394355,0.50942
98.2157,123.27,-19.7496,5.1528,5.52454,-0.211366,-0.0101865,0.394317,0.494907
97.8131,123.653,-58.4519,5.13102,5.51421,-0.211788,-0.00356235,0.394106,0.498219
97.9568,124.371,191.162,5.13806,5.52983,-0.211508,0.00111225,0.394246,0.500556
100.361,130.098,10.0256,5.27695,5.71946,-0.210579,0.0233314,0.39471,0.511666
100.235,126.777,-149.779,5.26875,5.66363,-0.210461,-0.00139583,0.394769,0.499302
101.324,129.769,20.0969,5.33476,5.7586,-0.210589,0.0110274,0.394705,0.505514
101.274,128.118,-227.118,5.32981,5.72974,-0.210254,-0.00092169,0.394873,0.499539
101.284,128.216,-2729.17,5.32961,5.73085,-0.210113,-7.69596e-05,0.394943,0.499962
102.366,130.863,21.512,5.39239,5.81753,-0.209757,0.0102261,0.395121,0.505113
103.271,131.815,24.9571,5.44616,5.87251,-0.209685,0.00875253,0.395157,0.504376
100.721,124.977,-8.61529,5.30579,5.66698,-0.211836,-0.0220311,0.394082,0.488984
102.866,132.608,12.2376,5.42259,5.86662,-0.209805,0.0186699,0.395098,0.509335
102.732,129.666,-105.283,5.4115,5.81349,-0.209278,-0.00196906,0.395361,0.499015
101.408,126.981,-17.4913,5.33918,5.72025,-0.210479,-0.0113826,0.394761,0.494309
101.686,128.957,106.179,5.35245,5.75895,-0.2099,0.00199565,0.39505,0.500998
101.216,127.559,-46.2737,5.32512,5.71753,-0.210036,-0.00444298,0.394982,0.497779
101.357,128.443,171.51,5.33279,5.73635,-0.209909,0.00123106,0.395046,0.500616
100.698,126.791,-35.0283,5.29635,5.68479,-0.210432,-0.00584073,0.394784,0.49708
100.141,126.14,-37.346,5.26316,5.6499,-0.210466,-0.00548861,0.394767,0.497256
99.3807,125.166,-30.9739,5.22203,5.60524,-0.211251,-0.006607,0.394374,0.496696
99.0559,125.25,-70.1262,5.2039,5.59303,-0.211489,-0.00297343,0.394256,0.498513
100.314,128.519,19.3729,5.2738,5.69347,-0.21052,0.0114582,0.39474,0.505729
100.068,126.492,-92.6234,5.25998,5.65301,-0.210673,-0.00225022,0.394663,0.498875
98.9222,123.992,-18.1077,5.19312,5.56544,-0.211002,-0.0110428,0.394499,0.494479
98.7026,124.885,-106.436,5.1811,5.56983,-0.211205,-0.00196588,0.394397,0.499017
99.2979,126.475,40.3218,5.21379,5.6176,-0.210675,0.00535771,0.394663,0.502679
99.0498,125.21,-88.658,5.19957,5.58814,-0.21079,-0.00235105,0.394605,0.498824
99.5075,126.651,47.2543,5.22673,5.63017,-0.21074,0.00455612,0.39463,0.502278
98.3914,123.566,-20.1503,5.16523,5.53886,-0.211702,-0.0100094,0.394149,0.494995
99.2967,126.815,27.4163,5.21413,5.62301,-0.210747,0.00797791,0.394626,0.503989
98.8279,124.67,-45.3983,5.18681,5.57053,-0.210886,-0.00454512,0.394557,0.497727
99.5794,127.378,25.8872,5.23588,5.64915,-0.211589,0.00850194,0.394205,0.504251
99.1903,125.103,-43.2944,5.20867,5.59365,-0.210909,-0.00476154,0.394545,0.497619
98.5545,124.228,-34.9262,5.17292,5.55402,-0.211331,-0.00588235,0.394335,0.497059
96.6932,120.624,-11.1286,5.06737,5.42169,-0.212429,-0.0175148,0.393785,0.491243
97.4792,124.556,30.2962,5.11065,5.51197,-0.211729,0.00722718,0.394135,0.503614
98.4838,125.979,23.6163,5.1666,5.57468,-0.210962,0.00932789,0.394519,0.504664
98.3508,124.499,-165.981,5.159,5.54703,-0.211029,-0.00126379,0.394486,0.499368
97.9736,123.792,-59.724,5.13799,5.52092,-0.211315,-0.00347993,0.394342,0.49826
97.7047,123.613,-84.9804,5.12311,5.50723,-0.211538,-0.0024603,0.394231,0.49877
95.0534,117.842,-7.59718,4.97426,5.3109,-0.213408,-0.024823,0.393296,0.487588
92.898,115.963,-9.55258,4.85455,5.19421,-0.215236,-0.0203965,0.392382,0.489802
95.6429,124.791,8.97054,5.00793,5.43888,-0.213088,0.0267344,0.393456,0.513367
97.6885,126.28,11.9542,5.1218,5.54569,-0.211478,0.0193057,0.394261,0.509653
97.6549,123.79,-530.341,5.11955,5.507,-0.211437,-0.000397931,0.394282,0.499801
98.6411,126.236,22.9115,5.17666,5.58633,-0.211073,0.00963299,0.394464,0.504816
100.037,128.386,16.7913,5.25669,5.67834,-0.210433,0.0133259,0.394784,0.506663
100.915,128.896,25.3498,5.30867,5.72535,-0.210321,0.00863746,0.39484,0.504319
102.802,132.669,12.1356,5.4227,5.86861,-0.21048,0.0189015,0.39476,0.509451
101.615,127.619,-20.1826,5.35876,5.74644,-0.211715,-0.00999476,0.394143,0.495003
96.8648,118.234,-4.09249,5.09417,5.41082,-0.215384,-0.0422944,0.392308,0.478853
97.2053,123.336,-441.966,5.09708,5.48426,-0.212243,-0.00047914,0.393879,0.49976
96.7161,122.098,-39.2135,5.06668,5.44247,-0.212057,-0.00527328,0.393972,0.497363
95.2911,119.357,-14.3087,4.9848,5.34039,-0.212724,-0.0138956,0.393638,0.493052
95.8146,122.244,43.73,5.01396,5.40476,-0.21231,0.00496864,0.393845,0.502484
95.4934,120.873,-66.2153,4.99552,5.37062,-0.212465,-0.00316096,0.393768,0.49842
94.9881,120.037,-41.1867,4.96628,5.3362,-0.212664,-0.00504102,0.393668,0.497479
94.0814,118.544,-23.394,4.91527,5.27607,-0.2133,-0.00874397,0.39335,0.495628
91.5865,114.017,-8.14703,4.7779,5.10752,-0.215668,-0.0235779,0.392166,0.488211
88.1946,109.398,-5.84715,4.59433,4.90432,-0.219683,-0.0320838,0.390159,0.483958
88.94,114.527,33.9239,4.63201,5.0065,-0.218268,0.00662947,0.390866,0.503315
89.3998,114.269,100.228,4.6476,5.01171,-0.215936,0.00217616,0.392032,0.501088
89.7088,114.795,64.7291,4.66593,5.0334,-0.21588,0.00338747,0.39206,0.501694
93.1887,122.877,6.88699,4.86558,5.30288,-0.214036,0.0363574,0.392982,0.518179
87.8182,106.547,-3.20214,4.56637,4.83994,-0.218671,-0.0520381,0.390664,0.473981
89.3152,115.89,15.1003,4.65026,5.0394,-0.217425,0.0154199,0.391287,0.50771
89.4206,113.951,-275.439,4.64859,5.00774,-0.215884,-0.000780946,0.392058,0.49961
90.0911,115.651,31.6397,4.68711,5.06175,-0.215529,0.00703428,0.392236,0.503517
91.0962,117.232,21.7662,4.7443,5.128,-0.214897,0.0103484,0.392551,0.505174
90.5284,114.727,-37.231,4.7126,5.06755,-0.215369,-0.00563336,0.392315,0.497183
89.2967,112.445,-15.8903,4.64184,4.9807,-0.216022,-0.0127897,0.391989,0.493605
87.3044,109.275,-9.59697,4.5291,4.84964,-0.21745,-0.02052,0.391275,0.48974
81.2835,98.3347,-2.66165,4.19719,4.44333,-0.223957,-0.0611629,0.388022,0.469419
79.0208,99.5767,-8.0634,4.07069,4.36609,-0.226242,-0.0249622,0.386879,0.487519
79.731,103.358,38.2488,4.10297,4.44285,-0.223954,0.00601237,0.388023,0.503006
84.7727,114.864,4.82951,4.38729,4.82438,-0.219642,0.057355,0.390179,0.528678
87.4967,115.125,8.38984,4.54149,4.94474,-0.217606,0.0294466,0.391197,0.514723
87.8779,112.566,67.1525,4.56015,4.92067,-0.216761,0.00327668,0.39162,0.501638
87.3698,111.151,-45.5193,4.53395,4.88096,-0.217628,-0.00467824,0.391186,0.497661
83.1162,101.914,-3.94214,4.29333,4.56553,-0.220898,-0.0446967,0.389551,0.477652
87.0716,116.029,6.06851,4.51472,4.937,-0.217383,0.0428889,0.391309,0.521444
85.4018,107.389,-11.471,4.42054,4.74025,-0.218691,-0.017536,0.390655,0.491232
84.4687,107.138,-21.0187,4.36797,4.69705,-0.219451,-0.00996653,0.390275,0.495017
87.0642,114.322,8.80868,4.51357,4.91106,-0.217245,0.027821,0.391377,0.513911
85.1407,106.991,-10.4146,4.40897,4.72658,-0.21953,-0.0192324,0.390235,0.490384
87.2283,113.934,10.9034,4.52516,4.91475,-0.217578,0.02197,0.391211,0.510985
88.6291,114.757,15.8557,4.60372,4.98576,-0.216428,0.0145687,0.391786,0.507284
89.5357,115.299,23.4234,4.65596,5.03324,-0.215968,0.00963137,0.392016,0.504816
90.3874,116.128,26.5712,4.70275,5.0802,-0.215108,0.00841212,0.392446,0.504206
90.4903,115.417,193.386,4.70887,5.07445,-0.215094,0.00111803,0.392453,0.500559
88.3397,110.409,-9.1449,4.58922,4.91179,-0.216999,-0.02139,0.3915,0.489305
87.9356,111.893,-51.6832,4.56668,4.91662,-0.217356,-0.00412571,0.391322,0.497937
89.4682,115.87,14.9155,4.65143,5.03802,-0.215879,0.0155135,0.392061,0.507757
87.9577,110.543,-12.8004,4.56522,4.89508,-0.21681,-0.0157104,0.391595,0.492145
88.7096,114.137,27.6824,4.60879,4.98064,-0.216471,0.00811286,0.391765,0.504056
89.2875,114.569,37.3191,4.64135,5.01143,-0.216033,0.00594821,0.391983,0.502974
89.0389,113.319,-84.7509,4.62745,4.98272,-0.216241,-0.00252174,0.391879,0.498739
87.1274,109.152,-9.99487,4.51907,4.84031,-0.217577,-0.019789,0.391211,0.490105
84.2628,104.762,-6.31371,4.35752,4.655,-0.219854,-0.0300605,0.390073,0.48497
85.3448,110.479,20.2367,4.41724,4.78267,-0.218719,0.0113699,0.39064,0.505685
84.7884,107.816,-32.5055,4.38361,4.71804,-0.218713,-0.00652766,0.390644,0.496736
85.4062,110.114,30.9596,4.42096,4.78024,-0.218722,0.00730056,0.390639,0.50365
85.7593,110.11,61.246,4.44028,4.79457,-0.218323,0.00362386,0.390838,0.501812
86.2097,110.764,46.5579,4.46564,4.82318,-0.21796,0.00478425,0.39102,0.502392
85.7746,109.19,-44.8227,4.44051,4.78118,-0.218184,-0.00476147,0.390908,0.497619
84.7147,107.192,-17.9386,4.37971,4.70611,-0.218824,-0.0115544,0.390588,0.494223
86.8831,113.697,10.0923,4.5042,4.8951,-0.217551,0.023927,0.391224,0.511964
86.3898,110.012,-46.0832,4.47858,4.82269,-0.218369,-0.00463793,0.390816,0.497681
86.5451,110.901,129.216,4.48757,4.84247,-0.218293,0.00170254,0.390854,0.500851
85.2727,107.605,-14.4766,4.41301,4.73766,-0.218742,-0.0141337,0.390629,0.492933
86.6451,112.441,15.5529,4.49149,4.86741,-0.217878,0.0149714,0.391061,0.507486
85.9562,109.164,-28.7884,4.45239,4.79018,-0.218367,-0.00733059,0.390817,0.496335
86.5057,111.341,36.1183,4.48485,4.84669,-0.218225,0.006214,0.390887,0.503107
88.2521,114.731,12.8713,4.58265,4.96959,-0.216748,0.0182582,0.391626,0.509129
88.2122,112.654,-2469.59,4.58171,4.93887,-0.217033,-8.78466e-05,0.391484,0.499956
89.7211,116.137,15.0981,4.66539,5.05233,-0.215635,0.0152953,0.392182,0.507648
92.6606,121.588,7.9137,4.83521,5.26097,-0.214295,0.0309957,0.392853,0.515498
89.4741,110.526,-5.77821,4.65398,4.96226,-0.216302,-0.0319113,0.391849,0.484044
88.8513,112.728,-33.2362,4.61902,4.96831,-0.216796,-0.00633237,0.391602,0.496834
92.7032,122.988,6.22232,4.84255,5.28839,-0.215184,0.0412047,0.392408,0.520602
93.8902,120.63,21.2044,4.90457,5.29884,-0.213446,0.0105643,0.393277,0.505282
93.0297,117.337,-24.0341,4.85546,5.21339,-0.213931,-0.00854559,0.393034,0.495727
94.4724,121.699,16.1373,4.93609,5.33787,-0.212809,0.0140586,0.393596,0.507029
95.5645,122.781,19.5468,5.00132,5.40363,-0.212742,0.0114705,0.393629,0.505735
95.1039,120.262,-44.7749,4.97437,5.346,-0.212872,-0.00465041,0.393564,0.497675
94.6606,119.713,-45.1871,4.94796,5.31776,-0.212913,-0.00460979,0.393544,0.497695
94.7953,120.546,184.722,4.95494,5.33513,-0.21271,0.00115778,0.393645,0.500579
94.3757,119.434,-51.6254,4.93134,5.30108,-0.213005,-0.00404756,0.393498,0.497976
91.1629,112.48,-5.82363,4.74917,5.06217,-0.21506,-0.031517,0.39247,0.484241
90.6384,114.83,-37.063,4.71801,5.07291,-0.215136,-0.0056521,0.392432,0.497174
90.2992,114.708,-63.14,4.69917,5.05707,-0.215438,-0.00335887,0.392281,0.498321
87.4488,108.47,-6.44127,4.53729,4.84406,-0.217348,-0.0292085,0.391326,0.485396
89.0115,115.424,14.1999,4.62558,5.01204,-0.216199,0.0163789,0.3919,0.508189
88.567,112.591,-49.507,4.60163,4.95289,-0.216748,-0.00429145,0.391626,0.497854
91.6375,120.351,7.77313,4.77461,5.19651,-0.214471,0.031665,0.392764,0.515833
92.87,119.64,17.8373,4.84565,5.23974,-0.213892,0.0127035,0.393054,0.506352
93.3232,119.175,49.7675,4.87077,5.25161,-0.213498,0.00437787,0.393251,0.502189
92.0049,115.593,-15.5023,4.79636,5.14317,-0.214406,-0.0129925,0.392797,0.493504
92.9602,119.373,23.2775,4.85051,5.2394,-0.213787,0.00959657,0.393106,0.504798
92.2191,116.554,-28.9916,4.80944,5.16734,-0.214441,-0.00715005,0.392779,0.496425
91.982,116.956,-114.345,4.79813,5.16533,-0.214996,-0.00186394,0.392502,0.499068
92.4673,118.151,52.4819,4.82269,5.20058,-0.214128,0.00415929,0.392936,0.50208
91.6803,115.76,-25.4251,4.77703,5.13086,-0.21444,-0.00811501,0.39278,0.495942
90.7606,114.607,-22.8252,4.72584,5.07575,-0.215226,-0.00903356,0.392387,0.495483
89.8874,113.514,-22.2012,4.67466,5.02083,-0.215491,-0.00928794,0.392254,0.495356
93.0424,122.324,7.43946,4.85707,5.28829,-0.21409,0.0332465,0.392955,0.516623
92.4472,116.901,-32.9895,4.82168,5.18145,-0.214165,-0.00630093,0.392917,0.49685
92.4311,117.542,-505.214,4.81966,5.18908,-0.213967,-0.000422682,0.393016,0.499789
90.2337,112.457,-8.75428,4.69467,5.02048,-0.215331,-0.0220756,0.392334,0.488962
90.6725,116.093,46.2496,4.72065,5.0936,-0.215249,0.00475692,0.392376,0.502378
88.1771,109.672,-7.41881,4.5778,4.89185,-0.216684,-0.0257381,0.391658,0.487131
87.6198,111.181,-34.0524,4.54476,4.88866,-0.216792,-0.00618481,0.391604,0.496908
85.8983,107.95,-11.3418,4.44882,4.76975,-0.218353,-0.0176921,0.390823,0.491154
86.66,111.591,29.2646,4.49017,4.85347,-0.217439,0.00769299,0.39128,0.503846
84.6069,106.094,-9.35254,4.37625,4.68825,-0.219436,-0.0211963,0.390282,0.489402
82.0834,102.603,-7.1882,4.23448,4.53104,-0.221648,-0.0270692,0.389176,0.486465
83.2841,108.06,18.9295,4.29823,4.65705,-0.219829,0.0122607,0.390086,0.50613
83.0956,106.552,-236.057,4.29192,4.63157,-0.220865,-0.000931694,0.389568,0.499534
84.2572,109.414,18.0958,4.35798,4.72305,-0.220014,0.0128695,0.389993,0.506435
83.5595,106.873,-40.6309,4.32718,4.6652,-0.222319,-0.00534023,0.388841,0.49733
82.6859,105.053,-18.7961,4.27135,4.59502,-0.221729,-0.0112006,0.389136,0.4944
84.3322,110.097,13.2538,4.36369,4.73766,-0.220251,0.0179741,0.389874,0.508987
83.0879,105.347,-15.969,4.29503,4.6174,-0.221593,-0.0130587,0.389203,0.493471
81.4511,102.682,-10.5652,4.19785,4.5043,-0.221993,-0.0191949,0.389004,0.490403
81.6081,104.871,259.663,4.20332,4.53913,-0.221156,0.000854994,0.389422,0.500427
79.3306,99.596,-7.91633,4.07622,4.36746,-0.223437,-0.0250593,0.388281,0.48747
77.6641,98.197,-10.4757,3.98043,4.27445,-0.224577,-0.0195697,0.387712,0.490215
74.0992,91.8808,-4.39197,3.77732,4.02987,-0.227566,-0.0422046,0.386217,0.478898
74.5333,96.9466,43.9535,3.80178,4.12043,-0.227127,0.00528774,0.386437,0.502644
75.7816,99.585,15.0008,3.87582,4.21528,-0.226704,0.0161922,0.386648,0.508096
76.9946,100.863,16.5419,3.94435,4.28567,-0.225566,0.0145134,0.387217,0.507257
74.8165,94.374,-7.85312,3.82122,4.09951,-0.227616,-0.0257103,0.386192,0.487145
76.6761,101.148,11.3042,3.92405,4.27369,-0.22536,0.0218708,0.38732,0.510935
74.7409,94.2858,-8.42447,3.81082,4.08879,-0.226331,-0.0240153,0.386834,0.487992
74.1839,95.6731,-46.1939,3.78605,4.09139,-0.228362,-0.00483881,0.385819,0.497581
74.395,96.3971,169.939,3.79371,4.10642,-0.227206,0.0013449,0.386397,0.500672
73.8631,95.2954,-44.2008,3.76859,4.07289,-0.228828,-0.00506248,0.385586,0.497469
78.293,106.236,5.21024,4.0152,4.41585,-0.223846,0.0531671,0.388077,0.526584
76.5412,96.9724,-10.5814,3.91925,4.21113,-0.226101,-0.0195227,0.38695,0.490239
77.126,100,41.586,3.9473,4.27442,-0.224478,0.00553093,0.387761,0.502765
71.7647,86.8106,-2.46445,3.63549,3.84783,-0.227637,-0.0657066,0.386181,0.467147
72.0382,94.2534,33.0996,3.66342,3.9774,-0.230215,0.00717189,0.384893,0.503586
74.8483,100.159,7.56869,3.81988,4.18,-0.226892,0.0345414,0.386554,0.517271
73.8837,95.013,-23.5654,3.77354,4.07362,-0.229653,-0.00934864,0.385174,0.495326
72.1028,92.0698,-10.5076,3.67834,3.96077,-0.232705,-0.0202219,0.383648,0.489889
73.8458,97.7267,12.5907,3.77013,4.10924,-0.229409,0.0197925,0.385296,0.509896
74.5264,97.3762,29.4387,3.80756,4.13253,-0.228506,0.00803503,0.385747,0.504018
72.2737,91.5089,-7.66008,3.68256,3.95467,-0.231294,-0.0267081,0.384353,0.486646
73.2164,96.0104,22.7843,3.73163,4.05476,-0.229382,0.0105297,0.385309,0.505265
73.0972,94.97,-1093.66,3.72922,4.03927,-0.230475,-0.000210546,0.384762,0.499895
72.4469,93.5555,-29.5413,3.69403,3.9928,-0.231496,-0.00757976,0.384252,0.49621
72.0662,93.1334,-37.1849,3.66807,3.9659,-0.230884,-0.00604646,0.384558,0.496977
72.2144,94.2809,75.8565,3.68063,3.99278,-0.23168,0.00309499,0.38416,0.501547
74.579,99.3647,9.09663,3.80975,4.16228,-0.228281,0.0281945,0.38586,0.514097
75.8331,99.6227,15.8315,3.88094,4.22028,-0.227139,0.0153146,0.38643,0.507657
74.1273,94.4353,-11.1292,3.78964,4.07826,-0.229926,-0.0189564,0.385037,0.490522
73.8909,95.8205,-99.9078,3.77835,4.08987,-0.230624,-0.00228549,0.384688,0.498857
74.6433,97.7273,27.2428,3.81932,4.1478,-0.229528,0.00874631,0.385236,0.504373
72.6634,92.5495,-9.29044,3.71225,3.99397,-0.232618,-0.0226052,0.383691,0.488697
73.9627,97.531,16.4698,3.78153,4.11638,-0.230357,0.0148907,0.384822,0.507445
74.4356,97.4245,34.5939,3.81204,4.13909,-0.230719,0.00686789,0.384641,0.503434
74.5561,97.0602,149.793,3.81916,4.13941,-0.230667,0.00155025,0.384667,0.500775
74.4309,96.4705,-100.407,3.80945,4.12295,-0.230211,-0.00227017,0.384894,0.498865
77.9293,104.522,6.6608,3.99765,4.37871,-0.224816,0.0397145,0.387592,0.519857
78.009,100.97,104.142,4.00671,4.33585,-0.225717,0.00218841,0.387141,0.501094
78.6792,102.256,31.2029,4.04329,4.38171,-0.224835,0.00744417,0.387582,0.503722
80.0476,104.542,15.9839,4.11722,4.46976,-0.222914,0.0148769,0.388543,0.507438
78.9949,100.743,-19.2904,4.06112,4.3735,-0.224551,-0.0110669,0.387724,0.494467
78.1993,100.197,-26.4053,4.0195,4.33499,-0.22598,-0.00824584,0.38701,0.495877
78.2495,101.21,254.88,4.02346,4.35282,-0.226172,0.000890864,0.386914,0.500445
78.3511,101.22,457.198,4.02671,4.35479,-0.22555,0.000494413,0.387225,0.500247
79.2583,103.362,21.8774,4.07892,4.42538,-0.224934,0.010774,0.387533,0.505387
79.4233,102.781,89.6099,4.09064,4.42652,-0.22529,0.00254249,0.387355,0.501271
81.3544,106.681,12.0524,4.19244,4.55793,-0.222084,0.0200937,0.388958,0.510047
82.5362,107.378,17.6377,4.25939,4.61872,-0.221137,0.0132913,0.389432,0.506646
82.3704,105.63,-137.044,4.2509,4.58724,-0.221452,-0.00160421,0.389274,0.499198
82.5508,106.04,195.53,4.25781,4.59754,-0.22063,0.00113417,0.389685,0.500567
82.4366,105.9,-2347.97,4.2558,4.59515,-0.221635,-9.43542e-05,0.389182,0.499953
83.1302,107.536,29.9023,4.29489,4.64834,-0.221044,0.00764797,0.389478,0.503824
